Sun                                   Earth
0                   0              0.9734             0.24198
0                   0             -1587.5              6081.7
0                   0         -3.8085e+07         -9.4546e+06
0                   0         -7.6168e+07         -1.8915e+07
0                   0         -1.1425e+08         -2.8376e+07
0                   0         -1.5233e+08         -3.7837e+07
0                   0         -1.9042e+08         -4.7297e+07
0                   0          -2.285e+08         -5.6758e+07
0                   0         -2.6658e+08         -6.6219e+07
0                   0         -3.0467e+08         -7.5679e+07
0                   0         -3.4275e+08          -8.514e+07
0                   0         -3.8083e+08         -9.4601e+07
0                   0         -4.1892e+08         -1.0406e+08
0                   0           -4.57e+08         -1.1352e+08
0                   0         -4.9508e+08         -1.2298e+08
0                   0         -5.3316e+08         -1.3244e+08
0                   0         -5.7125e+08          -1.419e+08
0                   0         -6.0933e+08         -1.5137e+08
0                   0         -6.4741e+08         -1.6083e+08
0                   0          -6.855e+08         -1.7029e+08
0                   0         -7.2358e+08         -1.7975e+08
0                   0         -7.6166e+08         -1.8921e+08
0                   0         -7.9975e+08         -1.9867e+08
0                   0         -8.3783e+08         -2.0813e+08
0                   0         -8.7591e+08         -2.1759e+08
0                   0           -9.14e+08         -2.2705e+08
0                   0         -9.5208e+08         -2.3651e+08
0                   0         -9.9016e+08         -2.4597e+08
0                   0         -1.0282e+09         -2.5543e+08
0                   0         -1.0663e+09         -2.6489e+08
0                   0         -1.1044e+09         -2.7435e+08
0                   0         -1.1425e+09         -2.8381e+08
0                   0         -1.1806e+09         -2.9328e+08
0                   0         -1.2187e+09         -3.0274e+08
0                   0         -1.2567e+09          -3.122e+08
0                   0         -1.2948e+09         -3.2166e+08
0                   0         -1.3329e+09         -3.3112e+08
0                   0          -1.371e+09         -3.4058e+08
0                   0         -1.4091e+09         -3.5004e+08
0                   0         -1.4472e+09          -3.595e+08
0                   0         -1.4852e+09         -3.6896e+08
0                   0         -1.5233e+09         -3.7842e+08
0                   0         -1.5614e+09         -3.8788e+08
0                   0         -1.5995e+09         -3.9734e+08
0                   0         -1.6376e+09          -4.068e+08
0                   0         -1.6757e+09         -4.1626e+08
0                   0         -1.7137e+09         -4.2573e+08
0                   0         -1.7518e+09         -4.3519e+08
0                   0         -1.7899e+09         -4.4465e+08
0                   0          -1.828e+09         -4.5411e+08
0                   0         -1.8661e+09         -4.6357e+08
