Sun                                   Earth
0                   0         -1.8661e+09         -4.6357e+08
0                   0         -1.9042e+09         -4.7303e+08
0                   0         -1.9422e+09         -4.8249e+08
0                   0         -1.9803e+09         -4.9195e+08
0                   0         -2.0184e+09         -5.0141e+08
0                   0         -2.0565e+09         -5.1087e+08
0                   0         -2.0946e+09         -5.2033e+08
0                   0         -2.1327e+09         -5.2979e+08
0                   0         -2.1707e+09         -5.3925e+08
0                   0         -2.2088e+09         -5.4871e+08
0                   0         -2.2469e+09         -5.5818e+08
0                   0          -2.285e+09         -5.6764e+08
0                   0         -2.3231e+09          -5.771e+08
0                   0         -2.3612e+09         -5.8656e+08
0                   0         -2.3992e+09         -5.9602e+08
0                   0         -2.4373e+09         -6.0548e+08
0                   0         -2.4754e+09         -6.1494e+08
0                   0         -2.5135e+09          -6.244e+08
0                   0         -2.5516e+09         -6.3386e+08
0                   0         -2.5897e+09         -6.4332e+08
0                   0         -2.6277e+09         -6.5278e+08
0                   0         -2.6658e+09         -6.6224e+08
0                   0         -2.7039e+09          -6.717e+08
0                   0          -2.742e+09         -6.8116e+08
0                   0         -2.7801e+09         -6.9062e+08
0                   0         -2.8182e+09         -7.0009e+08
0                   0         -2.8562e+09         -7.0955e+08
0                   0         -2.8943e+09         -7.1901e+08
0                   0         -2.9324e+09         -7.2847e+08
0                   0         -2.9705e+09         -7.3793e+08
0                   0         -3.0086e+09         -7.4739e+08
0                   0         -3.0466e+09         -7.5685e+08
0                   0         -3.0847e+09         -7.6631e+08
0                   0         -3.1228e+09         -7.7577e+08
0                   0         -3.1609e+09         -7.8523e+08
0                   0          -3.199e+09         -7.9469e+08
0                   0         -3.2371e+09         -8.0415e+08
0                   0         -3.2751e+09         -8.1361e+08
0                   0         -3.3132e+09         -8.2307e+08
0                   0         -3.3513e+09         -8.3254e+08
0                   0         -3.3894e+09           -8.42e+08
0                   0         -3.4275e+09         -8.5146e+08
0                   0         -3.4656e+09         -8.6092e+08
0                   0         -3.5036e+09         -8.7038e+08
0                   0         -3.5417e+09         -8.7984e+08
0                   0         -3.5798e+09          -8.893e+08
0                   0         -3.6179e+09         -8.9876e+08
0                   0          -3.656e+09         -9.0822e+08
0                   0         -3.6941e+09         -9.1768e+08
0                   0         -3.7321e+09         -9.2714e+08
0                   0         -3.7702e+09          -9.366e+08
