0.9734             0.24198            -1.58738             6.07725
0.978162            0.223748            -1.47314             6.10565
0.982582            0.205431            -1.35847             6.13188
0.986657            0.187036            -1.24343             6.15593
0.990387            0.168568            -1.12804             6.17781
0.993771            0.150034            -1.01236              6.1975
0.996808            0.131442           -0.896422               6.215
0.999498            0.112797            -0.78027             6.23032
1.00184            0.094106           -0.663945             6.24344
1.00383           0.0753757           -0.547489             6.25438
1.00547           0.0566125           -0.430943             6.26313
1.00677           0.0378231           -0.314348              6.2697
1.00771           0.0190141           -0.197746             6.27408
1.0083         0.000191816          -0.0811784             6.27628
1.00855           -0.018637           0.0353145              6.2763
1.00844          -0.0374659            0.151692             6.27415
1.00798          -0.0562884            0.267912             6.26983
1.00718          -0.0750979            0.383935             6.26335
1.00603          -0.0938879            0.499721             6.25472
1.00453           -0.112652            0.615229             6.24394
1.00268           -0.131384            0.730418             6.23102
1.00049           -0.150077             0.84525             6.21598
0.997957           -0.168725            0.959685             6.19881
0.995078           -0.187321             1.07368             6.17954
0.991857            -0.20586             1.18721             6.15817
0.988295           -0.224334             1.30021             6.13471
0.984395           -0.242739             1.41267             6.10918
0.980157           -0.261066             1.52453              6.0816
0.975583           -0.279311             1.63577             6.05197
0.970676           -0.297467             1.74633             6.02032
0.965437           -0.315528              1.8562             5.98665
0.959868           -0.333488             1.96532             5.95098
0.953972           -0.351341             2.07367             5.91334
0.947751           -0.369081             2.18121             5.87374
0.941208           -0.386702             2.28789             5.83219
0.934344           -0.404198             2.39369             5.78872
0.927163           -0.421565             2.49858             5.74335
0.919667           -0.438795             2.60251             5.69609
0.91186           -0.455883             2.70546             5.64697
0.903743           -0.472824             2.80738             5.59601
0.895321           -0.489612             2.90826             5.54324
0.886596           -0.506242             3.00805             5.48867
0.877572           -0.522708             3.10672             5.43233
0.868252           -0.539005             3.20425             5.37424
0.858639           -0.555127             3.30059             5.31443
0.848737           -0.571071             3.39573             5.25292
0.83855           -0.586829             3.48963             5.18974
0.828081           -0.602399             3.58226             5.12492
0.817335           -0.617773             3.67359             5.05847
0.806314           -0.632949              3.7636             4.99044
0.795023            -0.64792             3.85226             4.92084
0.783466           -0.662683             3.93955             4.84971
0.771648           -0.677232             4.02542             4.77707
0.759571           -0.691563             4.10987             4.70296
0.747242           -0.705672             4.19286             4.62739
0.734663           -0.719554             4.27438             4.55041
0.72184           -0.733205             4.35439             4.47205
0.708777           -0.746621             4.43288             4.39233
0.695478           -0.759798             4.50982             4.31128
0.681949           -0.772732             4.58519             4.22894
0.668193           -0.785419             4.65897             4.14533
0.654216           -0.797855             4.73114              4.0605
0.640023           -0.810037             4.80168             3.97447
0.625618            -0.82196             4.87057             3.88728
0.611006           -0.833622              4.9378             3.79896
0.596193           -0.845019             5.00334             3.70954
0.581183           -0.856147             5.06718             3.61905
0.565981           -0.867004              5.1293             3.52754
0.550593           -0.877587             5.18969             3.43503
0.535024           -0.887892             5.24834             3.34156
0.519279           -0.897917             5.30522             3.24716
0.503364           -0.907658             5.36033             3.15186
0.487283           -0.917114             5.41365             3.05571
0.471042           -0.926281             5.46517             2.95874
0.454646           -0.935157             5.51489             2.86098
0.438101            -0.94374             5.56278             2.76247
0.421413           -0.952028             5.60885             2.66324
0.404587           -0.960017             5.65307             2.56333
0.387627           -0.967707             5.69545             2.46277
0.370541           -0.975096             5.73598              2.3616
0.353333            -0.98218             5.77464             2.25985
0.336009            -0.98896             5.81144             2.15756
0.318575           -0.995433             5.84636             2.05477
0.301036             -1.0016             5.87941             1.95151
0.283397            -1.00745             5.91058             1.84782
0.265666            -1.01299             5.93986             1.74372
0.247846            -1.01823             5.96725             1.63927
0.229944            -1.02314             5.99276             1.53448
0.211966            -1.02775             6.01637             1.42941
0.193917            -1.03204              6.0381             1.32407
0.175803            -1.03601             6.05793             1.21852
0.157629            -1.03966             6.07588             1.11277
0.139401              -1.043             6.09193             1.00687
0.121126            -1.04602              6.1061            0.900854
0.102807            -1.04872             6.11839            0.794752
0.0844521            -1.05111             6.12879              0.6886
0.0660657            -1.05317             6.13732            0.582432
0.0476537            -1.05492             6.14398            0.476282
0.0292218            -1.05635             6.14877            0.370183
0.0107754            -1.05746             6.15171            0.264168
-0.00767969            -1.05825             6.15279            0.158271
-0.0261381            -1.05873             6.15202           0.0525242
-0.0445941            -1.05889             6.14941          -0.0530395
-0.0630423            -1.05873             6.14498           -0.158388
-0.0814773            -1.05825             6.13872           -0.263489
-0.0998934            -1.05746             6.13065           -0.368311
-0.118285            -1.05636             6.12077           -0.472822
-0.136648            -1.05494             6.10911           -0.576992
-0.154975            -1.05321             6.09567            -0.68079
-0.173262            -1.05116             6.08045           -0.784185
-0.191503            -1.04881             6.06348           -0.887147
-0.209694            -1.04615             6.04476           -0.989646
-0.227828            -1.04318             6.02432            -1.09165
-0.245901            -1.03991             6.00215            -1.19314
-0.263908            -1.03633             5.97829            -1.29408
-0.281842            -1.03245             5.95273            -1.39443
-0.299701            -1.02826              5.9255            -1.49419
-0.317477            -1.02378             5.89661            -1.59331
-0.335167              -1.019             5.86608            -1.69177
-0.352765            -1.01392             5.83392            -1.78954
-0.370267            -1.00856             5.80015             -1.8866
-0.387667             -1.0029             5.76479            -1.98291
-0.404962           -0.996947             5.72785            -2.07847
-0.422145           -0.990712             5.68936            -2.17323
-0.439213           -0.984192             5.64932            -2.26719
-0.456161           -0.977391             5.60777             -2.3603
-0.472985            -0.97031             5.56472            -2.45255
-0.489679           -0.962952             5.52018            -2.54391
-0.506239            -0.95532             5.47418            -2.63437
-0.522662           -0.947417             5.42674             -2.7239
-0.538942           -0.939245             5.37787            -2.81247
-0.555076           -0.930808             5.32761            -2.90008
-0.571058           -0.922108             5.27596            -2.98668
-0.586886           -0.913148             5.22295            -3.07228
-0.602555           -0.903931             5.16861            -3.15683
-0.618061            -0.89446             5.11295            -3.24034
-0.6334           -0.884739             5.05599            -3.32277
-0.648568           -0.874771             4.99776             -3.4041
-0.663561           -0.864559             4.93827            -3.48433
-0.678376           -0.854106             4.87756            -3.56343
-0.693009           -0.843416             4.81565            -3.64138
-0.707456           -0.832491             4.75255            -3.71818
-0.721713           -0.821337             4.68829            -3.79379
-0.735778           -0.809955              4.6229            -3.86821
-0.749647           -0.798351             4.55639            -3.94143
-0.763316           -0.786527             4.48879            -4.01342
-0.776782           -0.774486             4.42013            -4.08417
-0.790043           -0.762234             4.35043            -4.15366
-0.803094           -0.749773              4.2797             -4.2219
-0.815933           -0.737107             4.20799            -4.28885
-0.828557           -0.724241              4.1353            -4.35452
-0.840963           -0.711177             4.06167            -4.41888
-0.853148            -0.69792             3.98711            -4.48193
-0.865109           -0.684475             3.91166            -4.54365
-0.876844           -0.670844             3.83534            -4.60404
-0.88835           -0.657031             3.75817            -4.66308
-0.899625           -0.643042             3.68017            -4.72077
-0.910665            -0.62888             3.60138            -4.77709
-0.921469           -0.614549             3.52181            -4.83204
-0.932035           -0.600053             3.44149             -4.8856
-0.942359           -0.585396             3.36045            -4.93778
-0.952441           -0.570582              3.2787            -4.98856
-0.962277           -0.555617             3.19628            -5.03793
-0.971866           -0.540503             3.11321             -5.0859
-0.981205           -0.525245             3.02952            -5.13244
-0.990294           -0.509848             2.94522            -5.17757
-0.99913           -0.494315             2.86034            -5.22127
-1.00771           -0.478651             2.77491            -5.26353
-1.01604           -0.462861             2.68896            -5.30436
-1.0241           -0.446948              2.6025            -5.34375
-1.03191           -0.430916             2.51556            -5.38169
-1.03946           -0.414771             2.42816            -5.41819
-1.04674           -0.398517             2.34034            -5.45323
-1.05376           -0.382157             2.25211            -5.48682
-1.06052           -0.365697             2.16349            -5.51896
-1.06701            -0.34914             2.07452            -5.54964
-1.07323           -0.332491             1.98521            -5.57886
-1.07919           -0.315754              1.8956            -5.60663
-1.08487           -0.298934             1.80569            -5.63293
-1.09029           -0.282036             1.71553            -5.65778
-1.09544           -0.265062             1.62512            -5.68116
-1.10031           -0.248019              1.5345            -5.70309
-1.10492            -0.23091             1.44368            -5.72356
-1.10925           -0.213739              1.3527            -5.74258
-1.11331           -0.196511             1.26156            -5.76014
-1.11709           -0.179231             1.17031            -5.77624
-1.1206           -0.161902             1.07895             -5.7909
-1.12384           -0.144529            0.987511            -5.80411
-1.1268           -0.127117            0.896018            -5.81588
-1.12949           -0.109669            0.804491             -5.8262
-1.1319          -0.0921907            0.712953            -5.83509
-1.13404          -0.0746854            0.621425            -5.84255
-1.13591          -0.0571578            0.529928            -5.84857
-1.1375          -0.0396121            0.438486            -5.85317
-1.13881          -0.0220525            0.347118            -5.85636
-1.13985         -0.00448348            0.255847            -5.85812
-1.14062           0.0130909            0.164693            -5.85848
-1.14111           0.0306663           0.0736784            -5.85744
-1.14134           0.0482386          -0.0171774              -5.855
-1.14128           0.0658036           -0.107853            -5.85116
-1.14096           0.0833571           -0.198329            -5.84595
-1.14037            0.100895           -0.288584            -5.83935
-1.1395            0.118413           -0.378599            -5.83139
-1.13836            0.135907           -0.468353            -5.82206
-1.13696            0.153373           -0.557828            -5.81138
-1.13529            0.170807           -0.647003            -5.79935
-1.13334            0.188206           -0.735859            -5.78598
-1.13114            0.205563           -0.824378            -5.77128
-1.12866            0.222877           -0.912541            -5.75526
-1.12593            0.240143            -1.00033            -5.73792
-1.12292            0.257357            -1.08772            -5.71928
-1.11966            0.274515             -1.1747            -5.69935
-1.11614            0.291613            -1.26126            -5.67813
-1.11235            0.308647            -1.34736            -5.65563
-1.10831            0.325614              -1.433            -5.63187
-1.10401             0.34251            -1.51816            -5.60685
-1.09946             0.35933            -1.60282            -5.58059
-1.09465            0.376072            -1.68696            -5.55309
-1.08959            0.392731            -1.77057            -5.52436
-1.08428            0.409304            -1.85363            -5.49442
-1.07872            0.425788            -1.93612            -5.46328
-1.07291            0.442177            -2.01803            -5.43095
-1.06685             0.45847            -2.09934            -5.39744
-1.06056            0.474663            -2.18004            -5.36276
-1.05402            0.490751            -2.26011            -5.32692
-1.04724            0.506732            -2.33954            -5.28994
-1.04022            0.522601            -2.41831            -5.25183
-1.03296            0.538357             -2.4964             -5.2126
-1.02547            0.553995            -2.57381            -5.17225
-1.01775            0.569512            -2.65051            -5.13082
-1.0098            0.584904             -2.7265            -5.08829
-1.00162            0.600169            -2.80175             -5.0447
-0.993215            0.615303            -2.87627            -5.00006
-0.984586            0.630303            -2.95002            -4.95437
-0.975736            0.645166            -3.02301            -4.90764
-0.966667            0.659889            -3.09521             -4.8599
-0.957381            0.674469            -3.16661            -4.81116
-0.947881            0.688902            -3.23721            -4.76142
-0.93817            0.703187            -3.30698            -4.71071
-0.928249            0.717319            -3.37592            -4.65904
-0.918121            0.731296            -3.44402            -4.60642
-0.907789            0.745115            -3.51126            -4.55286
-0.897255            0.758774            -3.57763            -4.49838
-0.886522            0.772269            -3.64313              -4.443
-0.875593            0.785598            -3.70773            -4.38672
-0.86447            0.798758            -3.77143            -4.32956
-0.853155            0.811747            -3.83423            -4.27154
-0.841653            0.824561             -3.8961            -4.21268
-0.829964            0.837199            -3.95704            -4.15297
-0.818093            0.849658            -4.01703            -4.09245
-0.806042            0.861936            -4.07608            -4.03113
-0.793814            0.874029            -4.13417            -3.96901
-0.781411            0.885936            -4.19129            -3.90612
-0.768838            0.897654            -4.24743            -3.84247
-0.756095            0.909182            -4.30258            -3.77808
-0.743188            0.920516            -4.35674            -3.71295
-0.730117            0.931655            -4.40989            -3.64712
-0.716888            0.942596            -4.46203            -3.58058
-0.703502            0.953338            -4.51316            -3.51336
-0.689962            0.963878            -4.56325            -3.44548
-0.676272            0.974214            -4.61232            -3.37694
-0.662435            0.984345            -4.66034            -3.30776
-0.648454            0.994269            -4.70731            -3.23796
-0.634332             1.00398            -4.75322            -3.16756
-0.620073             1.01349            -4.79808            -3.09657
-0.605679             1.02277            -4.84186              -3.025
-0.591153             1.03185            -4.88457            -2.95288
-0.576499             1.04071            -4.92621            -2.88021
-0.561721             1.04935            -4.96675            -2.80701
-0.54682             1.05777            -5.00621            -2.73331
-0.531802             1.06597            -5.04457            -2.65911
-0.516668             1.07395            -5.08182            -2.58443
-0.501423              1.0817            -5.11797            -2.50928
-0.486069             1.08923            -5.15301            -2.43369
-0.47061             1.09653            -5.18694            -2.35767
-0.455049              1.1036            -5.21974            -2.28124
-0.43939             1.11045            -5.25143             -2.2044
-0.423635             1.11706            -5.28198            -2.12718
-0.407789             1.12344            -5.31141            -2.04959
-0.391855             1.12959             -5.3397            -1.97165
-0.375836              1.1355            -5.36685            -1.89338
-0.359736             1.14118            -5.39286            -1.81479
-0.343557             1.14663            -5.41773            -1.73589
-0.327304             1.15184            -5.44146            -1.65671
-0.310979             1.15681            -5.46403            -1.57726
-0.294587             1.16154            -5.48546            -1.49755
-0.278131             1.16603            -5.50574             -1.4176
-0.261614             1.17028            -5.52486            -1.33743
-0.245039              1.1743            -5.54283            -1.25705
-0.228411             1.17807            -5.55964            -1.17649
-0.211732              1.1816             -5.5753            -1.09574
-0.195006             1.18488            -5.58979            -1.01484
-0.178236             1.18793            -5.60313           -0.933798
-0.161427             1.19073            -5.61531           -0.852628
-0.144581             1.19329            -5.62633           -0.771347
-0.127702              1.1956            -5.63619           -0.689971
-0.110794             1.19767            -5.64489           -0.608516
-0.0938588              1.1995            -5.65243           -0.526998
-0.0769016             1.20108            -5.65881           -0.445433
-0.0599251             1.20242            -5.66404           -0.363836
-0.042933             1.20351             -5.6681           -0.282223
-0.0259287             1.20435            -5.67101           -0.200611
-0.00891566             1.20496            -5.67277           -0.119015
0.00810265             1.20531            -5.67338          -0.0374497
0.0251228             1.20542            -5.67283           0.0440681
0.0421413             1.20529            -5.67113            0.125523
0.0591546             1.20492            -5.66828              0.2069
0.0761595              1.2043            -5.66429            0.288183
0.0931524             1.20343            -5.65916            0.369357
0.11013             1.20232            -5.65289            0.450405
0.127089             1.20097            -5.64548            0.531314
0.144025             1.19938            -5.63693            0.612068
0.160936             1.19754            -5.62725            0.692651
0.177818             1.19546            -5.61645            0.773048
0.194667             1.19314            -5.60452            0.853244
0.21148             1.19058            -5.59147            0.933224
0.228255             1.18778            -5.57731             1.01297
0.244987             1.18475            -5.56203             1.09248
0.261673             1.18147            -5.54564             1.17172
0.27831             1.17795            -5.52815             1.25068
0.294894              1.1742            -5.50956             1.32936
0.311423             1.17021            -5.48988             1.40773
0.327893             1.16599            -5.46911             1.48578
0.3443             1.16153            -5.44726              1.5635
0.360642             1.15684            -5.42432             1.64086
0.376915             1.15192            -5.40032             1.71787
0.393116             1.14677            -5.37524             1.79449
0.409241             1.14138            -5.34911             1.87073
0.425289             1.13577            -5.32192             1.94656
0.441254             1.12993            -5.29369             2.02196
0.457135             1.12386            -5.26441             2.09694
0.472929             1.11757            -5.23409             2.17147
0.488631             1.11106            -5.20275             2.24553
0.504239             1.10432            -5.17039             2.31912
0.51975             1.09737            -5.13701             2.39222
0.535161             1.09019            -5.10262             2.46482
0.550469             1.08279            -5.06724             2.53691
0.565671             1.07518            -5.03086             2.60846
0.580764             1.06736             -4.9935             2.67947
0.595744             1.05932            -4.95516             2.74993
0.61061             1.05107            -4.91586             2.81982
0.625357             1.04261             -4.8756             2.88913
0.639984             1.03394            -4.83438             2.95784
0.654487             1.02507            -4.79222             3.02595
0.668864             1.01599            -4.74913             3.09343
0.683111             1.00671            -4.70512             3.16029
0.697227            0.997231            -4.66019             3.22651
0.711207            0.987551            -4.61436             3.29206
0.72505            0.977675            -4.56762             3.35695
0.738753            0.967604            -4.52001             3.42116
0.752313             0.95734            -4.47151             3.48468
0.765728            0.946886            -4.42215              3.5475
0.778994            0.936244            -4.37193              3.6096
0.79211            0.925415            -4.32086             3.67097
0.805072            0.914402            -4.26896             3.73161
0.817879            0.903207            -4.21623              3.7915
0.830528            0.891833            -4.16269             3.85063
0.843016            0.880281            -4.10834             3.90899
0.855341            0.868554             -4.0532             3.96657
0.867501            0.856654            -3.99727             4.02335
0.879492            0.844584            -3.94058             4.07934
0.891314            0.832346            -3.88312             4.13451
0.902964            0.819943            -3.82492             4.18886
0.914438            0.807376            -3.76598             4.24238
0.925736            0.794649            -3.70632             4.29506
0.936855            0.781764            -3.64594             4.34689
0.947793            0.768723            -3.58487             4.39785
0.958548             0.75553             -3.5231             4.44795
0.969117            0.742186            -3.46066             4.49717
0.979499            0.728694            -3.39756              4.5455
0.989692            0.715058             -3.3338             4.59293
0.999693            0.701279             -3.2694             4.63945
1.0095            0.687361            -3.20438             4.68506
1.01911            0.673305            -3.13875             4.72975
1.02853            0.659116            -3.07252             4.77351
1.03775            0.644796            -3.00569             4.81633
1.04677            0.630347             -2.9383             4.85821
1.05558            0.615772            -2.87035             4.89913
1.06419            0.601075            -2.80185             4.93909
1.0726            0.586257            -2.73281             4.97808
1.0808            0.571323            -2.66326              5.0161
1.08878            0.556275             -2.5932             5.05313
1.09656            0.541115            -2.52265             5.08918
1.10413            0.525848            -2.45162             5.12423
1.11149            0.510475            -2.38012             5.15828
1.11863               0.495            -2.30818             5.19132
1.12555            0.479426             -2.2358             5.22335
1.13226            0.463756              -2.163             5.25436
1.13875            0.447993            -2.08979             5.28434
1.14502             0.43214            -2.01619              5.3133
1.15107              0.4162            -1.94221             5.34122
1.15689            0.400177            -1.86787              5.3681
1.1625            0.384072            -1.79318             5.39394
1.16788            0.367891            -1.71815             5.41872
1.17303            0.351634            -1.64281             5.44246
1.17796            0.335307            -1.56716             5.46513
1.18266            0.318912            -1.49122             5.48675
1.18713            0.302451              -1.415              5.5073
1.19138            0.285929            -1.33853             5.52679
1.19539            0.269349            -1.26181              5.5452
1.19918            0.252714            -1.18486             5.56254
1.20273            0.236026             -1.1077              5.5788
1.20606             0.21929            -1.03034             5.59398
1.20915            0.202508           -0.952795             5.60808
1.21201            0.185683            -0.87508             5.62109
1.21463             0.16882           -0.797213             5.63302
1.21702            0.151921           -0.719207             5.64386
1.21918            0.134989           -0.641079             5.65362
1.22111            0.118029           -0.562843             5.66228
1.22279            0.101042           -0.484515             5.66985
1.22425           0.0840322            -0.40611             5.67633
1.22547           0.0670032           -0.327644             5.68172
1.22645            0.049958           -0.249132             5.68601
1.2272              0.0329            -0.17059             5.68921
1.22771           0.0158324          -0.0920333             5.69131
1.22798         -0.00124157          -0.0134767             5.69233
1.22802          -0.0183185            0.065064             5.69225
1.22783          -0.0353953            0.143574             5.69108
1.2274          -0.0524685            0.222036             5.68881
1.22673           -0.069535            0.300437             5.68546
1.22583          -0.0865913            0.378761             5.68102
1.22469           -0.103634            0.456991              5.6755
1.22332           -0.120661            0.535114             5.66889
1.22172           -0.137668            0.613113             5.66119
1.21988           -0.154651            0.690974             5.65242
1.21781           -0.171608            0.768681             5.64257
1.2155           -0.188536             0.84622             5.63164
1.21296           -0.205431            0.923574             5.61964
1.21019            -0.22229             1.00073             5.60658
1.20719            -0.23911             1.07767             5.59244
1.20396           -0.255887             1.15438             5.57725
1.20049           -0.272619             1.23085               5.561
1.1968           -0.289302             1.30706             5.54369
1.19288           -0.305933             1.38299             5.52533
1.18873           -0.322509             1.45864             5.50593
1.18435           -0.339027             1.53398             5.48549
1.17975           -0.355483             1.60901             5.46402
1.17492           -0.371875              1.6837             5.44151
1.16987             -0.3882             1.75805             5.41798
1.1646           -0.404454             1.83204             5.39343
1.1591           -0.420634             1.90565             5.36786
1.15339           -0.436737             1.97887             5.34129
1.14745           -0.452761             2.05169             5.31372
1.14129           -0.468702             2.12409             5.28515
1.13492           -0.484558             2.19606             5.25559
1.12833           -0.500325             2.26759             5.22505
1.12153              -0.516             2.33866             5.19354
1.11452            -0.53158             2.40925             5.16106
1.10729           -0.547064             2.47936             5.12762
1.09985           -0.562447             2.54897             5.09323
1.0922           -0.577726             2.61807             5.05789
1.08435             -0.5929             2.68665             5.02162
1.07629           -0.607965             2.75469             4.98442
1.06802           -0.622918             2.82217              4.9463
1.05956           -0.637757              2.8891             4.90726
1.05089           -0.652479             2.95544             4.86733
1.04202           -0.667081              3.0212              4.8265
1.03296            -0.68156             3.08636             4.78479
1.0237           -0.695915             3.15091              4.7422
1.01425           -0.710141             3.21483             4.69874
1.0046           -0.724237             3.27812             4.65443
0.99477           -0.738201             3.34076             4.60927
0.984748           -0.752028             3.40274             4.56328
0.97454           -0.765718             3.46405             4.51646
0.964147           -0.779268             3.52467             4.46882
0.953573           -0.792674             3.58461             4.42038
0.94282           -0.805935             3.64384             4.37114
0.931888           -0.819049             3.70236             4.32112
0.920781           -0.832012             3.76015             4.27033
0.909501           -0.844823             3.81721             4.21877
0.898049           -0.857479             3.87352             4.16646
0.886428           -0.869979             3.92908             4.11341
0.874641           -0.882319             3.98388             4.05963
0.862689           -0.894498              4.0379             4.00514
0.850576           -0.906513             4.09114             3.94994
0.838302           -0.918363             4.14358             3.89404
0.825872           -0.930045             4.19522             3.83747
0.813286           -0.941558             4.24605             3.78023
0.800548           -0.952898             4.29607             3.72232
0.78766           -0.964065             4.34525             3.66378
0.774624           -0.975057              4.3936              3.6046
0.761443            -0.98587             4.44111              3.5448
0.74812           -0.996505             4.48776              3.4844
0.734656            -1.00696             4.53356              3.4234
0.721056            -1.01723             4.57849             3.36182
0.70732            -1.02731             4.62254             3.29967
0.693453            -1.03721             4.66571             3.23696
0.679456            -1.04692               4.708             3.17371
0.665332            -1.05644             4.74939             3.10994
0.651083            -1.06577             4.78988             3.04564
0.636714            -1.07491             4.82947             2.98085
0.622225            -1.08385             4.86814             2.91556
0.607621             -1.0926             4.90589              2.8498
0.592903            -1.10115             4.94272             2.78358
0.578075             -1.1095             4.97862              2.7169
0.563139            -1.11765             5.01358              2.6498
0.548098             -1.1256             5.04761             2.58227
0.532956            -1.13335             5.08069             2.51433
0.517714            -1.14089             5.11282               2.446
0.502375            -1.14823               5.144             2.37729
0.486943            -1.15536             5.17422             2.30822
0.47142            -1.16229             5.20348             2.23879
0.45581              -1.169             5.23178             2.16902
0.440115            -1.17551             5.25911             2.09893
0.424337            -1.18181             5.28547             2.02854
0.408481            -1.18789             5.31085             1.95784
0.392548            -1.19376             5.33526             1.88686
0.376543            -1.19943             5.35868             1.81562
0.360467            -1.20487             5.38113             1.74412
0.344323             -1.2101             5.40259             1.67238
0.328115            -1.21512             5.42307             1.60041
0.311846            -1.21992             5.44256             1.52824
0.295518            -1.22451             5.46106             1.45586
0.279135            -1.22888             5.47857             1.38331
0.2627            -1.23302             5.49509             1.31058
0.246214            -1.23696             5.51062              1.2377
0.229682            -1.24067             5.52515             1.16468
0.213107            -1.24416              5.5387             1.09153
0.196491            -1.24744             5.55124             1.01826
0.179837            -1.25049              5.5628            0.944899
0.163149            -1.25333             5.57336             0.87145
0.146429            -1.25594             5.58293             0.79793
0.12968            -1.25834             5.59151            0.724353
0.112905            -1.26051              5.5991            0.650731
0.0961081            -1.26246              5.6057            0.577079
0.079291            -1.26419              5.6113            0.503411
0.0624571             -1.2657             5.61592             0.42974
0.0456093            -1.26699             5.61956             0.35608
0.0287506            -1.26806             5.62221            0.282444
0.011884            -1.26891             5.62388            0.208846
-0.00498765            -1.26953             5.62457            0.135299
-0.0218614            -1.26994             5.62428           0.0618166
-0.0387342            -1.27013             5.62302          -0.0115877
-0.0556032            -1.27009             5.62078          -0.0849009
-0.0724656            -1.26984             5.61757            -0.15811
-0.0893183            -1.26936              5.6134           -0.231202
-0.106159            -1.26867             5.60827           -0.304163
-0.122983            -1.26776             5.60218           -0.376981
-0.13979            -1.26662             5.59513           -0.449643
-0.156575            -1.26528             5.58713           -0.522136
-0.173337            -1.26371             5.57818           -0.594449
-0.190071            -1.26193             5.56829           -0.666567
-0.206776            -1.25993             5.55746           -0.738478
-0.223448            -1.25771             5.54569           -0.810171
-0.240085            -1.25528             5.53299           -0.881633
-0.256684            -1.25264             5.51937           -0.952852
-0.273243            -1.24978             5.50483            -1.02382
-0.289757            -1.24671             5.48937            -1.09451
-0.306225            -1.24342             5.47301            -1.16493
-0.322644            -1.23993             5.45574            -1.23506
-0.339011            -1.23622             5.43757            -1.30488
-0.355324            -1.23231             5.41851            -1.37439
-0.37158            -1.22818             5.39856            -1.44358
-0.387775            -1.22385             5.37773            -1.51243
-0.403908            -1.21932             5.35602            -1.58093
-0.419977            -1.21457             5.33345            -1.64907
-0.435977            -1.20963             5.31001            -1.71685
-0.451907            -1.20448             5.28572            -1.78424
-0.467764            -1.19912             5.26059            -1.85124
-0.483546            -1.19357             5.23461            -1.91784
-0.49925            -1.18782             5.20779            -1.98403
-0.514873            -1.18186             5.18015             -2.0498
-0.530413            -1.17571             5.15169            -2.11513
-0.545869            -1.16937             5.12241            -2.18002
-0.561236            -1.16283             5.09233            -2.24446
-0.576513             -1.1561             5.06145            -2.30844
-0.591697            -1.14917             5.02978            -2.37195
-0.606786            -1.14205             4.99733            -2.43497
-0.621778            -1.13475              4.9641            -2.49751
-0.636671            -1.12726             4.93011            -2.55955
-0.651461            -1.11958             4.89536            -2.62107
-0.666147            -1.11171             4.85986            -2.68208
-0.680727            -1.10367             4.82362            -2.74257
-0.695198            -1.09544             4.78664            -2.80252
-0.709558            -1.08703             4.74894            -2.86192
-0.723804            -1.07845             4.71052            -2.92078
-0.737936            -1.06969              4.6714            -2.97907
-0.75195            -1.06075             4.63157             -3.0368
-0.765845            -1.05164             4.59106            -3.09395
-0.779618            -1.04236             4.54987            -3.15052
-0.793268             -1.0329               4.508             -3.2065
-0.806792            -1.02328             4.46547            -3.26187
-0.820188             -1.0135             4.42228            -3.31665
-0.833455            -1.00355             4.37845            -3.37081
-0.84659           -0.993437             4.33399            -3.42435
-0.859592           -0.983164              4.2889            -3.47726
-0.872459           -0.972732             4.24319            -3.52954
-0.885188           -0.962143             4.19688            -3.58118
-0.897779             -0.9514             4.14996            -3.63217
-0.910229           -0.940503             4.10246            -3.68251
-0.922536           -0.929456             4.05438            -3.73219
-0.934699           -0.918259             4.00573             -3.7812
-0.946717           -0.906915             3.95652            -3.82955
-0.958586           -0.895427             3.90676            -3.87721
-0.970307           -0.883795             3.85646             -3.9242
-0.981876           -0.872023             3.80563             -3.9705
-0.993293           -0.860111             3.75428             -4.0161
-1.00456           -0.848063             3.70242            -4.06101
-1.01566            -0.83588             3.65006            -4.10521
-1.02661           -0.823564             3.59721            -4.14871
-1.0374           -0.811118             3.54387            -4.19149
-1.04804           -0.798544             3.49007            -4.23356
-1.05851           -0.785843             3.43581            -4.27491
-1.06881           -0.773018             3.38109            -4.31553
-1.07896           -0.760072             3.32594            -4.35542
-1.08894           -0.747005             3.27035            -4.39458
-1.09875           -0.733822             3.21434              -4.433
-1.10839           -0.720523             3.15793            -4.47068
-1.11786           -0.707111             3.10111            -4.50761
-1.12717           -0.693588              3.0439             -4.5438
-1.1363           -0.679956             2.98631            -4.57923
-1.14526           -0.666219             2.92836            -4.61392
-1.15404           -0.652377             2.87004            -4.64784
-1.16265           -0.638433             2.81137              -4.681
-1.17109            -0.62439             2.75237            -4.71341
-1.17934            -0.61025             2.69303            -4.74504
-1.18742           -0.596015             2.63337            -4.77591
-1.19532           -0.581687             2.57341            -4.80601
-1.20304           -0.567269             2.51315            -4.83534
-1.21058           -0.552763             2.45259            -4.86389
-1.21794           -0.538172             2.39176            -4.89166
-1.22512           -0.523497             2.33066            -4.91866
-1.23211           -0.508741              2.2693            -4.94488
-1.23892           -0.493906              2.2077            -4.97032
-1.24554           -0.478995             2.14585            -4.99497
-1.25198            -0.46401             2.08378            -5.01885
-1.25823           -0.448953             2.02148            -5.04193
-1.26429           -0.433828             1.95898            -5.06423
-1.27017           -0.418635             1.89628            -5.08575
-1.27586           -0.403378             1.83339            -5.10648
-1.28136           -0.388058             1.77032            -5.12642
-1.28667           -0.372679             1.70708            -5.14557
-1.29179           -0.357242             1.64369            -5.16393
-1.29672           -0.341751             1.58014            -5.18151
-1.30146           -0.326206             1.51646            -5.19829
-1.30601           -0.310611             1.45264            -5.21428
-1.31037           -0.294968              1.3887            -5.22949
-1.31453            -0.27928             1.32466            -5.24391
-1.31851           -0.263548             1.26051            -5.25754
-1.32229           -0.247776             1.19627            -5.27038
-1.32588           -0.231964             1.13195            -5.28243
-1.32927           -0.216117             1.06756            -5.29369
-1.33248           -0.200236             1.00311            -5.30417
-1.33549           -0.184323            0.938598            -5.31387
-1.3383           -0.168382            0.874046            -5.32278
-1.34092           -0.152414             0.80946             -5.3309
-1.34335           -0.136421            0.744848            -5.33825
-1.34559           -0.120406            0.680221            -5.34481
-1.34763           -0.104372            0.615587            -5.35059
-1.34948          -0.0883199            0.550955             -5.3556
-1.35113          -0.0722531            0.486335            -5.35983
-1.35259          -0.0561736            0.421736            -5.36328
-1.35385          -0.0400838            0.357167            -5.36596
-1.35492          -0.0239859            0.292636            -5.36788
-1.3558         -0.00788225            0.228152            -5.36902
-1.35649          0.00822481            0.163726            -5.36939
-1.35698            0.024333            0.099364              -5.369
-1.35728             0.04044           0.0350765            -5.36785
-1.35738           0.0565435          -0.0291282            -5.36594
-1.35729           0.0726413          -0.0932415            -5.36326
-1.35701           0.0887311           -0.157255            -5.35984
-1.35654            0.104811            -0.22116            -5.35566
-1.35588            0.120878           -0.284947            -5.35073
-1.35502             0.13693            -0.34861            -5.34506
-1.35398            0.152965           -0.412138            -5.33864
-1.35274            0.168981           -0.475525            -5.33148
-1.35131            0.184975           -0.538761            -5.32358
-1.3497            0.200946           -0.601838            -5.31494
-1.34789            0.216891           -0.664749            -5.30558
-1.3459            0.232808           -0.727485            -5.29548
-1.34372            0.248694           -0.790039            -5.28466
-1.34135            0.264548           -0.852401            -5.27312
-1.33879            0.280367           -0.914565            -5.26086
-1.33605             0.29615           -0.976523            -5.24788
-1.33312            0.311894            -1.03827             -5.2342
-1.33            0.327596            -1.09979             -5.2198
-1.3267            0.343256            -1.16108            -5.20471
-1.32322             0.35887            -1.22214            -5.18891
-1.31955            0.374436            -1.28295            -5.17242
-1.3157            0.389954            -1.34351            -5.15523
-1.31167            0.405419            -1.40381            -5.13736
-1.30746            0.420831            -1.46384             -5.1188
-1.30307            0.436188             -1.5236            -5.09957
-1.2985            0.451487            -1.58308            -5.07966
-1.29375            0.466726            -1.64227            -5.05908
-1.28882            0.481903            -1.70116            -5.03783
-1.28372            0.497016            -1.75976            -5.01592
-1.27844            0.512064            -1.81804            -4.99336
-1.27299            0.527044            -1.87601            -4.97014
-1.26736            0.541955            -1.93365            -4.94627
-1.26156            0.556793            -1.99097            -4.92176
-1.25558            0.571559            -2.04795            -4.89661
-1.24944            0.586249            -2.10459            -4.87083
-1.24313            0.600861            -2.16088            -4.84442
-1.23664            0.615394            -2.21681            -4.81739
-1.22999            0.629846            -2.27239            -4.78973
-1.22318            0.644216            -2.32759            -4.76146
-1.21619              0.6585            -2.38242            -4.73258
-1.20905            0.672698            -2.43687             -4.7031
-1.20174            0.686807            -2.49093            -4.67302
-1.19426            0.700826            -2.54461            -4.64235
-1.18663            0.714753            -2.59788            -4.61109
-1.17883            0.728586            -2.65075            -4.57924
-1.17088            0.742324             -2.7032            -4.54682
-1.16277            0.755965            -2.75525            -4.51383
-1.15451            0.769506            -2.80687            -4.48026
-1.14609            0.782947            -2.85806            -4.44614
-1.13751            0.796285            -2.90883            -4.41146
-1.12879             0.80952            -2.95915            -4.37624
-1.11991            0.822648            -3.00903            -4.34046
-1.11088             0.83567            -3.05846            -4.30415
-1.10171            0.848582            -3.10744            -4.26731
-1.09238            0.861384            -3.15596            -4.22994
-1.08292            0.874074            -3.20401            -4.19204
-1.0733             0.88665             -3.2516            -4.15363
-1.06355            0.899111            -3.29871            -4.11472
-1.05365            0.911455            -3.34534            -4.07529
-1.04362            0.923681            -3.39149            -4.03537
-1.03344            0.935787            -3.43715            -3.99496
-1.02313            0.947772            -3.48232            -3.95406
-1.01268            0.959634            -3.52699            -3.91268
-1.0021            0.971372            -3.57116            -3.87083
-0.99139            0.982985            -3.61482            -3.82851
-0.980545             0.99447            -3.65797            -3.78572
-0.969571             1.00583             -3.7006            -3.74248
-0.958469             1.01705            -3.74271             -3.6988
-0.947241             1.02815             -3.7843            -3.65466
-0.935888             1.03912            -3.82536             -3.6101
-0.924412             1.04995            -3.86589             -3.5651
-0.912815             1.06064            -3.90589            -3.51967
-0.901097              1.0712            -3.94534            -3.47383
-0.889261             1.08162            -3.98425            -3.42758
-0.877308              1.0919            -4.02261            -3.38092
-0.86524             1.10205            -4.06042            -3.33386
-0.853059             1.11205            -4.09768             -3.2864
-0.840766             1.12191            -4.13437            -3.23857
-0.828363             1.13162            -4.17051            -3.19035
-0.815851             1.14119            -4.20608            -3.14176
-0.803233             1.15062            -4.24108             -3.0928
-0.79051              1.1599            -4.27551            -3.04348
-0.777683             1.16903            -4.30936            -2.99381
-0.764755             1.17801            -4.34263            -2.94379
-0.751727             1.18684            -4.37533            -2.89343
-0.738601             1.19552            -4.40744            -2.84274
-0.725379             1.20405            -4.43896            -2.79172
-0.712062             1.21242            -4.46989            -2.74037
-0.698653             1.22065            -4.50023            -2.68872
-0.685152             1.22871            -4.52997            -2.63675
-0.671562             1.23662            -4.55911            -2.58449
-0.657885             1.24438            -4.58766            -2.53193
-0.644122             1.25197            -4.61559            -2.47908
-0.630275             1.25941            -4.64293            -2.42596
-0.616346             1.26669            -4.66965            -2.37256
-0.602337              1.2738            -4.69577            -2.31889
-0.58825             1.28076            -4.72127            -2.26496
-0.574086             1.28756            -4.74615            -2.21078
-0.559848             1.29419            -4.77042            -2.15635
-0.545536             1.30066            -4.79407            -2.10168
-0.531154             1.30696             -4.8171            -2.04678
-0.516703              1.3131             -4.8395            -1.99165
-0.502184             1.31908            -4.86128             -1.9363
-0.487601             1.32489            -4.88243            -1.88074
-0.472953             1.33053            -4.90296            -1.82498
-0.458244               1.336            -4.92285            -1.76901
-0.443476             1.34131            -4.94211            -1.71285
-0.428649             1.34645            -4.96074            -1.65651
-0.413767             1.35142            -4.97873            -1.59999
-0.398831             1.35622            -4.99609             -1.5433
-0.383843             1.36085            -5.01281            -1.48644
-0.368804             1.36531            -5.02889            -1.42942
-0.353718              1.3696            -5.04434            -1.37226
-0.338585             1.37371            -5.05914            -1.31495
-0.323407             1.37766             -5.0733             -1.2575
-0.308187             1.38143            -5.08681            -1.19992
-0.292927             1.38503            -5.09969            -1.14222
-0.277628             1.38846            -5.11191             -1.0844
-0.262292             1.39171             -5.1235            -1.02648
-0.246922             1.39479            -5.13443           -0.968448
-0.231518             1.39769            -5.14472           -0.910323
-0.216084             1.40043            -5.15437            -0.85211
-0.200621             1.40298            -5.16336           -0.793815
-0.185131             1.40536            -5.17171           -0.735445
-0.169616             1.40757            -5.17941           -0.677007
-0.154078              1.4096            -5.18646           -0.618508
-0.138518             1.41146            -5.19286           -0.559954
-0.12294             1.41314            -5.19861           -0.501354
-0.107344             1.41464            -5.20371           -0.442713
-0.0917327             1.41597            -5.20816           -0.384038
-0.0761082             1.41712            -5.21196           -0.325337
-0.0604724              1.4181            -5.21512           -0.266617
-0.044827              1.4189            -5.21762           -0.207883
-0.0291741             1.41952            -5.21948           -0.149144
-0.0135157             1.41997            -5.22068          -0.0904053
0.00214634             1.42024            -5.22124          -0.0316746
0.0178101             1.42033            -5.22115           0.0270414
0.0334735             1.42025            -5.22042           0.0857359
0.0491348                1.42            -5.21904            0.144402
0.0647919             1.41956            -5.21701            0.203033
0.0804429             1.41895            -5.21433            0.261622
0.0960859             1.41817            -5.21101            0.320162
0.111719             1.41721            -5.20705            0.378647
0.12734             1.41607            -5.20245            0.437069
0.142947             1.41476             -5.1972            0.495422
0.158539             1.41327            -5.19131            0.553699
0.174113             1.41161            -5.18478            0.611894
0.189667             1.40978            -5.17762            0.669999
0.2052             1.40777            -5.16981            0.728008
0.22071             1.40558            -5.16137            0.785914
0.236194             1.40323             -5.1523             0.84371
0.251651             1.40069            -5.14259             0.90139
0.267078             1.39799            -5.13225            0.958947
0.282475             1.39511            -5.12127             1.01637
0.297839             1.39206            -5.10967             1.07367
0.313168             1.38884            -5.09745             1.13081
0.32846             1.38545            -5.08459             1.18781
0.343714             1.38189            -5.07112             1.24466
0.358927             1.37815            -5.05702             1.30134
0.374098             1.37425             -5.0423             1.35785
0.389225             1.37018            -5.02697             1.41418
0.404306             1.36593            -5.01102             1.47034
0.419339             1.36152            -4.99445              1.5263
0.434323             1.35694            -4.97727             1.58207
0.449255              1.3522            -4.95949             1.63764
0.464133             1.34728             -4.9411               1.693
0.478956             1.34221             -4.9221             1.74814
0.493723             1.33696             -4.9025             1.80306
0.50843             1.33155             -4.8823             1.85776
0.523077             1.32598             -4.8615             1.91222
0.537661             1.32024            -4.84011             1.96645
0.552182             1.31434            -4.81813             2.02042
0.566636             1.30828            -4.79556             2.07415
0.581023             1.30206             -4.7724             2.12762
0.59534             1.29568            -4.74866             2.18082
0.609586             1.28913            -4.72434             2.23375
0.623759             1.28243            -4.69945              2.2864
0.637857             1.27557            -4.67397             2.33877
0.651879             1.26856            -4.64793             2.39085
0.665823             1.26138            -4.62132             2.44264
0.679687             1.25406            -4.59414             2.49412
0.69347             1.24657            -4.56641              2.5453
0.707169             1.23894            -4.53811             2.59616
0.720783             1.23115            -4.50926              2.6467
0.734311             1.22321            -4.47986             2.69692
0.747751             1.21512            -4.44991             2.74681
0.7611             1.20688            -4.41942             2.79636
0.774359             1.19849            -4.38839             2.84557
0.787524             1.18995            -4.35682             2.89443
0.800594             1.18127            -4.32472             2.94293
0.813568             1.17244            -4.29209             2.99108
0.826445             1.16347            -4.25894             3.03886
0.839221             1.15435            -4.22526             3.08626
0.851897             1.14509            -4.19107              3.1333
0.86447             1.13569            -4.15636             3.17995
0.876939             1.12615            -4.12115             3.22621
0.889303             1.11647            -4.08543             3.27208
0.901559             1.10666            -4.04921             3.31755
0.913707              1.0967             -4.0125             3.36261
0.925744             1.08662            -3.97529             3.40727
0.93767              1.0764             -3.9376             3.45151
0.949483             1.06604            -3.89943             3.49533
0.961181             1.05555            -3.86078             3.53873
0.972764             1.04494            -3.82165              3.5817
0.984229             1.03419            -3.78206             3.62423
0.995575             1.02332              -3.742             3.66632
1.0068             1.01232            -3.70148             3.70796
1.01791              1.0012            -3.66051             3.74916
1.02889             0.98995            -3.61909              3.7899
1.03974            0.978581            -3.57723             3.83018
1.05048             0.96709            -3.53492                3.87
1.06108             0.95548            -3.49218             3.90934
1.07156            0.943752            -3.44902             3.94821
1.0819            0.931908            -3.40542             3.98661
1.09212            0.919948            -3.36141             4.02451
1.1022            0.907874            -3.31699             4.06194
1.11216            0.895688            -3.27216             4.09886
1.12197            0.883392            -3.22692             4.13529
1.13165            0.870986            -3.18129             4.17122
1.1412            0.858472            -3.13527             4.20665
1.1506            0.845852            -3.08886             4.24156
1.15987            0.833128            -3.04206             4.27596
1.169              0.8203             -2.9949             4.30984
1.17798             0.80737            -2.94736             4.34319
1.18682            0.794341            -2.89946             4.37602
1.19552            0.781213             -2.8512             4.40832
1.20407            0.767988            -2.80259             4.44009
1.21248            0.754667            -2.75363             4.47131
1.22074            0.741253            -2.70434               4.502
1.22886            0.727747             -2.6547             4.53213
1.23682            0.714151            -2.60474             4.56172
1.24463            0.700466            -2.55446             4.59076
1.2523            0.686694            -2.50386             4.61923
1.25981            0.672836            -2.45295             4.64715
1.26717            0.658894            -2.40173              4.6745
1.27437            0.644871            -2.35022             4.70129
1.28142            0.630767            -2.29842              4.7275
1.28832            0.616585            -2.24633             4.75314
1.29506            0.602325            -2.19396             4.77821
1.30164            0.587991            -2.14131             4.80269
1.30806            0.573582            -2.08841             4.82659
1.31433            0.559103            -2.03524             4.84991
1.32043            0.544553            -1.98181             4.87263
1.32638            0.529935            -1.92815             4.89477
1.33216            0.515251            -1.87424              4.9163
1.33779            0.500502            -1.82009             4.93725
1.34325             0.48569            -1.76572             4.95759
1.34854            0.470817            -1.71113             4.97733
1.35368            0.455885            -1.65632             4.99646
1.35865            0.440896            -1.60131             5.01499
1.36345            0.425851             -1.5461              5.0329
1.36809            0.410752            -1.49069             5.05021
1.37256            0.395602             -1.4351              5.0669
1.37687            0.380401            -1.37932             5.08298
1.381            0.365152            -1.32338             5.09843
1.38497            0.349857            -1.26726             5.11327
1.38878            0.334517            -1.21099             5.12749
1.39241            0.319134            -1.15456             5.14108
1.39587            0.303711            -1.09799             5.15404
1.39917            0.288249            -1.04128             5.16638
1.40229             0.27275           -0.984442             5.17809
1.40524            0.257216           -0.927476             5.18917
1.40803            0.241648           -0.870393             5.19962
1.41064            0.226049           -0.813199             5.20944
1.41308            0.210421           -0.755902             5.21862
1.41535            0.194765           -0.698509             5.22716
1.41744            0.179084           -0.641026             5.23507
1.41936            0.163378           -0.583462             5.24235
1.42111            0.147651           -0.525822             5.24898
1.42269            0.131904           -0.468115             5.25498
1.4241             0.11614           -0.410348             5.26033
1.42533            0.100359           -0.352527             5.26505
1.42638           0.0845634            -0.29466             5.26912
1.42727            0.068756           -0.236754             5.27256
1.42798           0.0529383           -0.178817             5.27535
1.42852           0.0371123           -0.120855              5.2775
1.42888           0.0212798          -0.0628758               5.279
1.42907          0.00544279         -0.00488668             5.27987
1.42908          -0.0103968           0.0531051             5.28009
1.42892          -0.0262371            0.111092             5.27967
1.42859          -0.0420761            0.169068              5.2786
1.42808          -0.0579119            0.227024             5.27689
1.4274          -0.0737426            0.284954             5.27454
1.42655          -0.0895662            0.342851             5.27155
1.42552           -0.105381            0.400707             5.26792
1.42431           -0.121185            0.458515             5.26365
1.42294           -0.136976            0.516267             5.25873
1.42139           -0.152752            0.573957             5.25318
1.41967           -0.168511            0.631577             5.24699
1.41777           -0.184252             0.68912             5.24016
1.41571           -0.199973            0.746579             5.23269
1.41347           -0.215671            0.803946             5.22459
1.41105           -0.231345            0.861215             5.21585
1.40847           -0.246992            0.918378             5.20648
1.40572           -0.262612            0.975427             5.19647
1.40279           -0.278201             1.03236             5.18584
1.39969           -0.293758             1.08916             5.17457
1.39643           -0.309282             1.14583             5.16268
1.39299            -0.32477             1.20235             5.15016
1.38938           -0.340221             1.25873             5.13702
1.3856           -0.355632             1.31495             5.12325
1.38166           -0.371002             1.37101             5.10886
1.37755           -0.386328              1.4269             5.09385
1.37327            -0.40161             1.48261             5.07823
1.36882           -0.416844             1.53814             5.06199
1.3642            -0.43203             1.59348             5.04514
1.35942           -0.447166             1.64862             5.02768
1.35448           -0.462249             1.70355             5.00961
1.34937           -0.477278             1.75827             4.99093
1.34409            -0.49225             1.81278             4.97165
1.33865           -0.507165             1.86706             4.95177
1.33305           -0.522021              1.9211              4.9313
1.32729           -0.536815             1.97491             4.91023
1.32136           -0.551545             2.02847             4.88856
1.31528           -0.566211             2.08178             4.86631
1.30903            -0.58081             2.13483             4.84347
1.30263            -0.59534             2.18762             4.82005
1.29607             -0.6098             2.24013             4.79605
1.28935           -0.624189             2.29237             4.77148
1.28247           -0.638503             2.34431             4.74633
1.27544           -0.652742             2.39597             4.72061
1.26825           -0.666904             2.44733             4.69433
1.26091           -0.680987             2.49838             4.66748
1.25341           -0.694989             2.54913             4.64007
1.24576           -0.708909             2.59955             4.61211
1.23796           -0.722746             2.64966              4.5836
1.23002           -0.736497             2.69943             4.55454
1.22192            -0.75016             2.74887             4.52494
1.21367           -0.763735             2.79796              4.4948
1.20528           -0.777219             2.84671             4.46412
1.19674           -0.790612             2.89511             4.43292
1.18805           -0.803911             2.94314             4.40118
1.17922           -0.817114             2.99081             4.36893
1.17025           -0.830221             3.03811             4.33616
1.16114           -0.843229             3.08503             4.30287
1.15188           -0.856138             3.13156             4.26907
1.14249           -0.868945             3.17771             4.23477
1.13295            -0.88165             3.22346             4.19998
1.12328           -0.894249             3.26882             4.16468
1.11348           -0.906744             3.31377              4.1289
1.10353            -0.91913              3.3583             4.09263
1.09346           -0.931408             3.40242             4.05588
