Sun                                 Mercury                                   Venus                                   Earth                                    Mars                                 Jupiter
0                   0            -0.39215           -0.054878            -0.52624             0.49092              0.9734             0.24198             -1.5158             0.69015              -4.623               -2.86
0                   0          1.2467e+08          1.7437e+07          2.7863e+07         -2.6004e+07         -1.9043e+07         -4.7275e+06          6.4738e+06         -2.9535e+06          5.6945e+05           3.492e+05
0                   0          2.4935e+08          3.4874e+07          5.5726e+07         -5.2007e+07         -3.8085e+07         -9.4551e+06          1.2948e+07          -5.907e+06          1.1389e+06           6.984e+05
0                   0          3.7402e+08          5.2311e+07          8.3589e+07         -7.8011e+07         -5.7128e+07         -1.4183e+07          1.9421e+07         -8.8605e+06          1.7084e+06          1.0476e+06
0                   0           4.987e+08          6.9749e+07          1.1145e+08         -1.0401e+08         -7.6171e+07          -1.891e+07          2.5895e+07         -1.1814e+07          2.2778e+06          1.3968e+06
0                   0          6.2337e+08          8.7186e+07          1.3931e+08         -1.3002e+08         -9.5214e+07         -2.3638e+07          3.2369e+07         -1.4768e+07          2.8473e+06           1.746e+06
0                   0          7.4805e+08          1.0462e+08          1.6718e+08         -1.5602e+08         -1.1426e+08         -2.8365e+07          3.8843e+07         -1.7721e+07          3.4167e+06          2.0952e+06
0                   0          8.7272e+08          1.2206e+08          1.9504e+08         -1.8203e+08          -1.333e+08         -3.3093e+07          4.5316e+07         -2.0675e+07          3.9862e+06          2.4444e+06
0                   0           9.974e+08           1.395e+08           2.229e+08         -2.0803e+08         -1.5234e+08          -3.782e+07           5.179e+07         -2.3628e+07          4.5557e+06          2.7936e+06
0                   0          1.1221e+09          1.5693e+08          2.5077e+08         -2.3403e+08         -1.7138e+08         -4.2548e+07          5.8264e+07         -2.6582e+07          5.1251e+06          3.1428e+06
0                   0          1.2467e+09          1.7437e+08          2.7863e+08         -2.6004e+08         -1.9043e+08         -4.7275e+07          6.4738e+07         -2.9535e+07          5.6946e+06           3.492e+06
0                   0          1.3714e+09          1.9181e+08          3.0649e+08         -2.8604e+08         -2.0947e+08         -5.2003e+07          7.1211e+07         -3.2489e+07           6.264e+06          3.8412e+06
0                   0          1.4961e+09          2.0925e+08          3.3435e+08         -3.1204e+08         -2.2851e+08          -5.673e+07          7.7685e+07         -3.5442e+07          6.8335e+06          4.1904e+06
0                   0          1.6208e+09          2.2668e+08          3.6222e+08         -3.3805e+08         -2.4756e+08         -6.1458e+07          8.4159e+07         -3.8396e+07          7.4029e+06          4.5396e+06
0                   0          1.7454e+09          2.4412e+08          3.9008e+08         -3.6405e+08          -2.666e+08         -6.6185e+07          9.0633e+07         -4.1349e+07          7.9724e+06          4.8888e+06
0                   0          1.8701e+09          2.6156e+08          4.1794e+08         -3.9006e+08         -2.8564e+08         -7.0913e+07          9.7106e+07         -4.4303e+07          8.5419e+06           5.238e+06
0                   0          1.9948e+09          2.7899e+08          4.4581e+08         -4.1606e+08         -3.0468e+08          -7.564e+07          1.0358e+08         -4.7256e+07          9.1113e+06          5.5872e+06
0                   0          2.1195e+09          2.9643e+08          4.7367e+08         -4.4206e+08         -3.2373e+08         -8.0368e+07          1.1005e+08          -5.021e+07          9.6808e+06          5.9365e+06
0                   0          2.2441e+09          3.1387e+08          5.0153e+08         -4.6807e+08         -3.4277e+08         -8.5096e+07          1.1653e+08         -5.3163e+07           1.025e+07          6.2857e+06
0                   0          2.3688e+09          3.3131e+08          5.2939e+08         -4.9407e+08         -3.6181e+08         -8.9823e+07            1.23e+08         -5.6117e+07           1.082e+07          6.6349e+06
0                   0          2.4935e+09          3.4874e+08          5.5726e+08         -5.2007e+08         -3.8085e+08         -9.4551e+07          1.2948e+08          -5.907e+07          1.1389e+07          6.9841e+06
0                   0          2.6182e+09          3.6618e+08          5.8512e+08         -5.4608e+08          -3.999e+08         -9.9278e+07          1.3595e+08         -6.2024e+07          1.1959e+07          7.3333e+06
0                   0          2.7428e+09          3.8362e+08          6.1298e+08         -5.7208e+08         -4.1894e+08         -1.0401e+08          1.4242e+08         -6.4977e+07          1.2528e+07          7.6825e+06
0                   0          2.8675e+09          4.0105e+08          6.4085e+08         -5.9809e+08         -4.3798e+08         -1.0873e+08           1.489e+08         -6.7931e+07          1.3098e+07          8.0317e+06
0                   0          2.9922e+09          4.1849e+08          6.6871e+08         -6.2409e+08         -4.5703e+08         -1.1346e+08          1.5537e+08         -7.0884e+07          1.3667e+07          8.3809e+06
0                   0          3.1169e+09          4.3593e+08          6.9657e+08         -6.5009e+08         -4.7607e+08         -1.1819e+08          1.6184e+08         -7.3838e+07          1.4236e+07          8.7301e+06
0                   0          3.2415e+09          4.5337e+08          7.2443e+08          -6.761e+08         -4.9511e+08         -1.2292e+08          1.6832e+08         -7.6791e+07          1.4806e+07          9.0793e+06
0                   0          3.3662e+09           4.708e+08           7.523e+08          -7.021e+08         -5.1415e+08         -1.2764e+08          1.7479e+08         -7.9745e+07          1.5375e+07          9.4285e+06
0                   0          3.4909e+09          4.8824e+08          7.8016e+08          -7.281e+08          -5.332e+08         -1.3237e+08          1.8127e+08         -8.2698e+07          1.5945e+07          9.7777e+06
0                   0          3.6156e+09          5.0568e+08          8.0802e+08         -7.5411e+08         -5.5224e+08          -1.371e+08          1.8774e+08         -8.5652e+07          1.6514e+07          1.0127e+07
0                   0          3.7402e+09          5.2311e+08          8.3589e+08         -7.8011e+08         -5.7128e+08         -1.4183e+08          1.9421e+08         -8.8605e+07          1.7084e+07          1.0476e+07
0                   0          3.8649e+09          5.4055e+08          8.6375e+08         -8.0612e+08         -5.9032e+08         -1.4655e+08          2.0069e+08         -9.1559e+07          1.7653e+07          1.0825e+07
0                   0          3.9896e+09          5.5799e+08          8.9161e+08         -8.3212e+08         -6.0937e+08         -1.5128e+08          2.0716e+08         -9.4512e+07          1.8223e+07          1.1175e+07
0                   0          4.1143e+09          5.7543e+08          9.1947e+08         -8.5812e+08         -6.2841e+08         -1.5601e+08          2.1363e+08         -9.7466e+07          1.8792e+07          1.1524e+07
0                   0          4.2389e+09          5.9286e+08          9.4734e+08         -8.8413e+08         -6.4745e+08         -1.6074e+08          2.2011e+08         -1.0042e+08          1.9362e+07          1.1873e+07
0                   0          4.3636e+09           6.103e+08           9.752e+08         -9.1013e+08          -6.665e+08         -1.6546e+08          2.2658e+08         -1.0337e+08          1.9931e+07          1.2222e+07
0                   0          4.4883e+09          6.2774e+08          1.0031e+09         -9.3613e+08         -6.8554e+08         -1.7019e+08          2.3306e+08         -1.0633e+08            2.05e+07          1.2571e+07
0                   0           4.613e+09          6.4517e+08          1.0309e+09         -9.6214e+08         -7.0458e+08         -1.7492e+08          2.3953e+08         -1.0928e+08           2.107e+07          1.2921e+07
0                   0          4.7376e+09          6.6261e+08          1.0588e+09         -9.8814e+08         -7.2362e+08         -1.7965e+08            2.46e+08         -1.1223e+08          2.1639e+07           1.327e+07
0                   0          4.8623e+09          6.8005e+08          1.0867e+09         -1.0141e+09         -7.4267e+08         -1.8437e+08          2.5248e+08         -1.1519e+08          2.2209e+07          1.3619e+07
0                   0           4.987e+09          6.9749e+08          1.1145e+09         -1.0401e+09         -7.6171e+08          -1.891e+08          2.5895e+08         -1.1814e+08          2.2778e+07          1.3968e+07
0                   0          5.1117e+09          7.1492e+08          1.1424e+09         -1.0662e+09         -7.8075e+08         -1.9383e+08          2.6542e+08         -1.2109e+08          2.3348e+07          1.4317e+07
0                   0          5.2363e+09          7.3236e+08          1.1702e+09         -1.0922e+09          -7.998e+08         -1.9856e+08           2.719e+08         -1.2405e+08          2.3917e+07          1.4667e+07
0                   0           5.361e+09           7.498e+08          1.1981e+09         -1.1182e+09         -8.1884e+08         -2.0328e+08          2.7837e+08           -1.27e+08          2.4487e+07          1.5016e+07
0                   0          5.4857e+09          7.6723e+08           1.226e+09         -1.1442e+09         -8.3788e+08         -2.0801e+08          2.8485e+08         -1.2995e+08          2.5056e+07          1.5365e+07
0                   0          5.6104e+09          7.8467e+08          1.2538e+09         -1.1702e+09         -8.5692e+08         -2.1274e+08          2.9132e+08         -1.3291e+08          2.5626e+07          1.5714e+07
0                   0           5.735e+09          8.0211e+08          1.2817e+09         -1.1962e+09         -8.7597e+08         -2.1747e+08          2.9779e+08         -1.3586e+08          2.6195e+07          1.6063e+07
0                   0          5.8597e+09          8.1955e+08          1.3096e+09         -1.2222e+09         -8.9501e+08         -2.2219e+08          3.0427e+08         -1.3881e+08          2.6765e+07          1.6413e+07
0                   0          5.9844e+09          8.3698e+08          1.3374e+09         -1.2482e+09         -9.1405e+08         -2.2692e+08          3.1074e+08         -1.4177e+08          2.7334e+07          1.6762e+07
0                   0          6.1091e+09          8.5442e+08          1.3653e+09         -1.2742e+09         -9.3309e+08         -2.3165e+08          3.1721e+08         -1.4472e+08          2.7903e+07          1.7111e+07
0                   0          6.2337e+09          8.7186e+08          1.3931e+09         -1.3002e+09         -9.5214e+08         -2.3638e+08          3.2369e+08         -1.4768e+08          2.8473e+07           1.746e+07
