Sun                                 Mercury                                   Venus                                   Earth                                    Mars                                 Jupiter                                  Saturn                                  Uranus                                  Neptun                                   Pluto
0                   0            -0.39215           -0.054878            -0.52624             0.49092              0.9734             0.24198             -1.5158             0.69015              -4.623               -2.86            -0.40542             -10.047              17.877              8.7764              28.605             -8.8515              10.517             -31.716
0                   0          1.2467e+08          1.7437e+07          2.7863e+07         -2.6004e+07         -1.9043e+07         -4.7276e+06          6.4738e+06         -2.9536e+06           5.695e+05          3.4913e+05              9797.8          1.9498e+05              -45300              -20703              -20672              7601.4             -4437.7               16874
0                   0          2.4935e+08          3.4874e+07          5.5726e+07         -5.2008e+07         -3.8085e+07         -9.4552e+06          1.2948e+07         -5.9071e+06           1.139e+06          6.9827e+05               19596          3.8996e+05              -90617              -41414              -41373               15212             -8885.9               33780
0                   0          3.7402e+08          5.2311e+07          8.3589e+07         -7.8011e+07         -5.7128e+07         -1.4183e+07          1.9421e+07         -8.8607e+06          1.7085e+06          1.0474e+06               29394          5.8495e+05         -1.3593e+05              -62126              -62074               22822              -13334               50686
0                   0           4.987e+08          6.9748e+07          1.1145e+08         -1.0402e+08         -7.6171e+07          -1.891e+07          2.5895e+07         -1.1814e+07           2.278e+06          1.3965e+06               39193          7.7994e+05         -1.8125e+05              -82837              -82775               30432              -17782               67592
0                   0          6.2337e+08          8.7185e+07          1.3931e+08         -1.3002e+08         -9.5214e+07         -2.3638e+07          3.2369e+07         -1.4768e+07          2.8475e+06          1.7457e+06               48991          9.7493e+05         -2.2657e+05         -1.0355e+05         -1.0348e+05               38042              -22231               84498
0                   0          7.4805e+08          1.0462e+08          1.6718e+08         -1.5602e+08         -1.1426e+08         -2.8365e+07          3.8843e+07         -1.7721e+07           3.417e+06          2.0948e+06               58789          1.1699e+06         -2.7189e+05         -1.2426e+05         -1.2418e+05               45653              -26679           1.014e+05
0                   0          8.7272e+08          1.2206e+08          1.9504e+08         -1.8203e+08          -1.333e+08         -3.3093e+07          4.5316e+07         -2.0675e+07          3.9865e+06           2.444e+06               68587          1.3649e+06          -3.172e+05         -1.4497e+05         -1.4488e+05               53263              -31127          1.1831e+05
0                   0           9.974e+08           1.395e+08           2.229e+08         -2.0803e+08         -1.5234e+08         -3.7821e+07           5.179e+07         -2.3628e+07           4.556e+06          2.7931e+06               78385          1.5599e+06         -3.6252e+05         -1.6568e+05         -1.6558e+05               60873              -35575          1.3522e+05
0                   0          1.1221e+09          1.5693e+08          2.5077e+08         -2.3403e+08         -1.7138e+08         -4.2548e+07          5.8264e+07         -2.6582e+07          5.1255e+06          3.1422e+06               88184          1.7549e+06         -4.0784e+05         -1.8639e+05         -1.8628e+05               68483              -40023          1.5212e+05
0                   0          1.2467e+09          1.7437e+08          2.7863e+08         -2.6004e+08         -1.9043e+08         -4.7276e+07          6.4738e+07         -2.9536e+07           5.695e+06          3.4914e+06               97982          1.9499e+06         -4.5316e+05         -2.0711e+05         -2.0698e+05               76093              -44472          1.6903e+05
0                   0          1.3714e+09          1.9181e+08          3.0649e+08         -2.8604e+08         -2.0947e+08         -5.2003e+07          7.1211e+07         -3.2489e+07          6.2645e+06          3.8405e+06          1.0778e+05          2.1449e+06         -4.9847e+05         -2.2782e+05         -2.2768e+05               83704              -48920          1.8593e+05
0                   0          1.4961e+09          2.0925e+08          3.3435e+08         -3.1205e+08         -2.2851e+08         -5.6731e+07          7.7685e+07         -3.5443e+07           6.834e+06          4.1896e+06          1.1758e+05          2.3398e+06         -5.4379e+05         -2.4853e+05         -2.4838e+05               91314              -53368          2.0284e+05
0                   0          1.6208e+09          2.2668e+08          3.6222e+08         -3.3805e+08         -2.4756e+08         -6.1459e+07          8.4159e+07         -3.8396e+07          7.4035e+06          4.5388e+06          1.2738e+05          2.5348e+06         -5.8911e+05         -2.6924e+05         -2.6908e+05               98924              -57816          2.1975e+05
0                   0          1.7454e+09          2.4412e+08          3.9008e+08         -3.6405e+08          -2.666e+08         -6.6186e+07          9.0633e+07          -4.135e+07           7.973e+06          4.8879e+06          1.3717e+05          2.7298e+06         -6.3443e+05         -2.8995e+05         -2.8978e+05          1.0653e+05              -62264          2.3665e+05
0                   0          1.8701e+09          2.6156e+08          4.1794e+08         -3.9006e+08         -2.8564e+08         -7.0914e+07          9.7107e+07         -4.4303e+07          8.5425e+06           5.237e+06          1.4697e+05          2.9248e+06         -6.7974e+05         -3.1066e+05         -3.1048e+05          1.1414e+05              -66713          2.5356e+05
0                   0          1.9948e+09          2.7899e+08          4.4581e+08         -4.1606e+08         -3.0468e+08         -7.5641e+07          1.0358e+08         -4.7257e+07           9.112e+06          5.5862e+06          1.5677e+05          3.1198e+06         -7.2506e+05         -3.3137e+05         -3.3118e+05          1.2175e+05              -71161          2.7046e+05
0                   0          2.1195e+09          2.9643e+08          4.7367e+08         -4.4206e+08         -3.2373e+08         -8.0369e+07          1.1005e+08          -5.021e+07          9.6815e+06          5.9353e+06          1.6657e+05          3.3148e+06         -7.7038e+05         -3.5209e+05         -3.5189e+05          1.2936e+05              -75609          2.8737e+05
0                   0          2.2441e+09          3.1387e+08          5.0153e+08         -4.6807e+08         -3.4277e+08         -8.5096e+07          1.1653e+08         -5.3164e+07          1.0251e+07          6.2845e+06          1.7637e+05          3.5098e+06          -8.157e+05          -3.728e+05         -3.7259e+05          1.3698e+05              -80057          3.0428e+05
0                   0          2.3688e+09           3.313e+08          5.2939e+08         -4.9407e+08         -3.6181e+08         -8.9824e+07            1.23e+08         -5.6118e+07           1.082e+07          6.6336e+06          1.8617e+05          3.7048e+06         -8.6101e+05         -3.9351e+05         -3.9329e+05          1.4459e+05              -84505          3.2118e+05
0                   0          2.4935e+09          3.4874e+08          5.5726e+08         -5.2008e+08         -3.8085e+08         -9.4552e+07          1.2948e+08         -5.9071e+07           1.139e+07          6.9827e+06          1.9596e+05          3.8997e+06         -9.0633e+05         -4.1422e+05         -4.1399e+05           1.522e+05              -88953          3.3809e+05
0                   0          2.6182e+09          3.6618e+08          5.8512e+08         -5.4608e+08          -3.999e+08         -9.9279e+07          1.3595e+08         -6.2025e+07          1.1959e+07          7.3319e+06          2.0576e+05          4.0947e+06         -9.5165e+05         -4.3493e+05         -4.3469e+05          1.5981e+05              -93402          3.5499e+05
0                   0          2.7428e+09          3.8362e+08          6.1298e+08         -5.7208e+08         -4.1894e+08         -1.0401e+08          1.4242e+08         -6.4978e+07          1.2529e+07           7.681e+06          2.1556e+05          4.2897e+06         -9.9697e+05         -4.5564e+05         -4.5539e+05          1.6742e+05              -97850           3.719e+05
0                   0          2.8675e+09          4.0105e+08          6.4085e+08         -5.9809e+08         -4.3798e+08         -1.0873e+08           1.489e+08         -6.7932e+07          1.3098e+07          8.0301e+06          2.2536e+05          4.4847e+06         -1.0423e+06         -4.7636e+05         -4.7609e+05          1.7503e+05          -1.023e+05          3.8881e+05
0                   0          2.9922e+09          4.1849e+08          6.6871e+08         -6.2409e+08         -4.5703e+08         -1.1346e+08          1.5537e+08         -7.0885e+07          1.3668e+07          8.3793e+06          2.3516e+05          4.6797e+06         -1.0876e+06         -4.9707e+05         -4.9679e+05          1.8264e+05         -1.0675e+05          4.0571e+05
0                   0          3.1169e+09          4.3593e+08          6.9657e+08         -6.5009e+08         -4.7607e+08         -1.1819e+08          1.6184e+08         -7.3839e+07          1.4237e+07          8.7284e+06          2.4496e+05          4.8747e+06         -1.1329e+06         -5.1778e+05         -5.1749e+05          1.9025e+05         -1.1119e+05          4.2262e+05
0                   0          3.2415e+09          4.5336e+08          7.2443e+08          -6.761e+08         -4.9511e+08         -1.2292e+08          1.6832e+08         -7.6792e+07          1.4807e+07          9.0775e+06          2.5475e+05          5.0697e+06         -1.1782e+06         -5.3849e+05         -5.3819e+05          1.9786e+05         -1.1564e+05          4.3952e+05
0                   0          3.3662e+09           4.708e+08           7.523e+08          -7.021e+08         -5.1415e+08         -1.2764e+08          1.7479e+08         -7.9746e+07          1.5376e+07          9.4267e+06          2.6455e+05          5.2647e+06         -1.2236e+06          -5.592e+05         -5.5889e+05          2.0547e+05         -1.2009e+05          4.5643e+05
0                   0          3.4909e+09          4.8824e+08          7.8016e+08         -7.2811e+08          -5.332e+08         -1.3237e+08          1.8127e+08           -8.27e+07          1.5946e+07          9.7758e+06          2.7435e+05          5.4596e+06         -1.2689e+06         -5.7991e+05         -5.7959e+05          2.1308e+05         -1.2454e+05          4.7334e+05
0                   0          3.6156e+09          5.0568e+08          8.0802e+08         -7.5411e+08         -5.5224e+08          -1.371e+08          1.8774e+08         -8.5653e+07          1.6515e+07          1.0125e+07          2.8415e+05          5.6546e+06         -1.3142e+06         -6.0062e+05          -6.003e+05          2.2069e+05         -1.2899e+05          4.9024e+05
0                   0          3.7402e+09          5.2311e+08          8.3589e+08         -7.8011e+08         -5.7128e+08         -1.4183e+08          1.9421e+08         -8.8607e+07          1.7085e+07          1.0474e+07          2.9395e+05          5.8496e+06         -1.3595e+06         -6.2134e+05           -6.21e+05           2.283e+05         -1.3344e+05          5.0715e+05
0                   0          3.8649e+09          5.4055e+08          8.6375e+08         -8.0612e+08         -5.9033e+08         -1.4655e+08          2.0069e+08          -9.156e+07          1.7654e+07          1.0823e+07          3.0374e+05          6.0446e+06         -1.4048e+06         -6.4205e+05          -6.417e+05          2.3591e+05         -1.3788e+05          5.2405e+05
0                   0          3.9896e+09          5.5799e+08          8.9161e+08         -8.3212e+08         -6.0937e+08         -1.5128e+08          2.0716e+08         -9.4514e+07          1.8224e+07          1.1172e+07          3.1354e+05          6.2396e+06         -1.4501e+06         -6.6276e+05          -6.624e+05          2.4352e+05         -1.4233e+05          5.4096e+05
0                   0          4.1143e+09          5.7542e+08          9.1947e+08         -8.5812e+08         -6.2841e+08         -1.5601e+08          2.1363e+08         -9.7467e+07          1.8793e+07          1.1521e+07          3.2334e+05          6.4346e+06         -1.4955e+06         -6.8347e+05          -6.831e+05          2.5113e+05         -1.4678e+05          5.5786e+05
0                   0          4.2389e+09          5.9286e+08          9.4734e+08         -8.8413e+08         -6.4745e+08         -1.6074e+08          2.2011e+08         -1.0042e+08          1.9363e+07          1.1871e+07          3.3314e+05          6.6296e+06         -1.5408e+06         -7.0418e+05          -7.038e+05          2.5874e+05         -1.5123e+05          5.7477e+05
0                   0          4.3636e+09           6.103e+08           9.752e+08         -9.1013e+08          -6.665e+08         -1.6547e+08          2.2658e+08         -1.0337e+08          1.9932e+07           1.222e+07          3.4294e+05          6.8245e+06         -1.5861e+06         -7.2489e+05          -7.245e+05          2.6635e+05         -1.5568e+05          5.9168e+05
0                   0          4.4883e+09          6.2774e+08          1.0031e+09         -9.3614e+08         -6.8554e+08         -1.7019e+08          2.3306e+08         -1.0633e+08          2.0502e+07          1.2569e+07          3.5274e+05          7.0195e+06         -1.6314e+06          -7.456e+05          -7.452e+05          2.7396e+05         -1.6012e+05          6.0858e+05
0                   0           4.613e+09          6.4517e+08          1.0309e+09         -9.6214e+08         -7.0458e+08         -1.7492e+08          2.3953e+08         -1.0928e+08          2.1071e+07          1.2918e+07          3.6253e+05          7.2145e+06         -1.6767e+06         -7.6632e+05          -7.659e+05          2.8157e+05         -1.6457e+05          6.2549e+05
0                   0          4.7376e+09          6.6261e+08          1.0588e+09         -9.8814e+08         -7.2362e+08         -1.7965e+08            2.46e+08         -1.1224e+08          2.1641e+07          1.3267e+07          3.7233e+05          7.4095e+06          -1.722e+06         -7.8703e+05          -7.866e+05          2.8918e+05         -1.6902e+05          6.4239e+05
0                   0          4.8623e+09          6.8005e+08          1.0867e+09         -1.0141e+09         -7.4267e+08         -1.8438e+08          2.5248e+08         -1.1519e+08           2.221e+07          1.3616e+07          3.8213e+05          7.6045e+06         -1.7674e+06         -8.0774e+05          -8.073e+05          2.9679e+05         -1.7347e+05           6.593e+05
0                   0           4.987e+09          6.9748e+08          1.1145e+09         -1.0402e+09         -7.6171e+08          -1.891e+08          2.5895e+08         -1.1814e+08           2.278e+07          1.3965e+07          3.9193e+05          7.7995e+06         -1.8127e+06         -8.2845e+05           -8.28e+05           3.044e+05         -1.7792e+05          6.7621e+05
0                   0          5.1117e+09          7.1492e+08          1.1424e+09         -1.0662e+09         -7.8075e+08         -1.9383e+08          2.6542e+08          -1.211e+08          2.3349e+07          1.4315e+07          4.0173e+05          7.9945e+06          -1.858e+06         -8.4916e+05         -8.4871e+05          3.1201e+05         -1.8237e+05          6.9311e+05
0                   0          5.2363e+09          7.3236e+08          1.1702e+09         -1.0922e+09          -7.998e+08         -1.9856e+08           2.719e+08         -1.2405e+08          2.3919e+07          1.4664e+07          4.1153e+05          8.1895e+06         -1.9033e+06         -8.6987e+05         -8.6941e+05          3.1962e+05         -1.8681e+05          7.1002e+05
0                   0           5.361e+09          7.4979e+08          1.1981e+09         -1.1182e+09         -8.1884e+08         -2.0329e+08          2.7837e+08           -1.27e+08          2.4488e+07          1.5013e+07          4.2132e+05          8.3844e+06         -1.9486e+06         -8.9058e+05         -8.9011e+05          3.2723e+05         -1.9126e+05          7.2692e+05
0                   0          5.4857e+09          7.6723e+08           1.226e+09         -1.1442e+09         -8.3788e+08         -2.0801e+08          2.8485e+08         -1.2996e+08          2.5058e+07          1.5362e+07          4.3112e+05          8.5794e+06          -1.994e+06          -9.113e+05         -9.1081e+05          3.3484e+05         -1.9571e+05          7.4383e+05
0                   0          5.6104e+09          7.8467e+08          1.2538e+09         -1.1702e+09         -8.5692e+08         -2.1274e+08          2.9132e+08         -1.3291e+08          2.5627e+07          1.5711e+07          4.4092e+05          8.7744e+06         -2.0393e+06         -9.3201e+05         -9.3151e+05          3.4245e+05         -2.0016e+05          7.6074e+05
0                   0           5.735e+09          8.0211e+08          1.2817e+09         -1.1962e+09         -8.7597e+08         -2.1747e+08          2.9779e+08         -1.3586e+08          2.6197e+07           1.606e+07          4.5072e+05          8.9694e+06         -2.0846e+06         -9.5272e+05         -9.5221e+05          3.5006e+05         -2.0461e+05          7.7764e+05
0                   0          5.8597e+09          8.1954e+08          1.3096e+09         -1.2222e+09         -8.9501e+08          -2.222e+08          3.0427e+08         -1.3882e+08          2.6766e+07          1.6409e+07          4.6052e+05          9.1644e+06         -2.1299e+06         -9.7343e+05         -9.7291e+05          3.5767e+05         -2.0905e+05          7.9455e+05
0                   0          5.9844e+09          8.3698e+08          1.3374e+09         -1.2482e+09         -9.1405e+08         -2.2692e+08          3.1074e+08         -1.4177e+08          2.7336e+07          1.6759e+07          4.7031e+05          9.3594e+06         -2.1752e+06         -9.9414e+05         -9.9361e+05          3.6528e+05          -2.135e+05          8.1145e+05
0                   0          6.1091e+09          8.5442e+08          1.3653e+09         -1.2742e+09         -9.3309e+08         -2.3165e+08          3.1721e+08         -1.4472e+08          2.7905e+07          1.7108e+07          4.8011e+05          9.5544e+06         -2.2205e+06         -1.0149e+06         -1.0143e+06          3.7289e+05         -2.1795e+05          8.2836e+05
0                   0          6.2337e+09          8.7185e+08          1.3931e+09         -1.3002e+09         -9.5214e+08         -2.3638e+08          3.2369e+08         -1.4768e+08          2.8475e+07          1.7457e+07          4.8991e+05          9.7494e+06         -2.2659e+06         -1.0356e+06          -1.035e+06           3.805e+05          -2.224e+05          8.4527e+05
