Sun                                   Earth                                 Jupiter
0                   0              0.9734             0.24198              -4.623               -2.86
0                   0         -1.9043e+07         -4.7275e+06          5.6945e+05           3.492e+05
0                   0         -3.8085e+07         -9.4551e+06          1.1389e+06           6.984e+05
0                   0         -5.7128e+07         -1.4183e+07          1.7084e+06          1.0476e+06
0                   0         -7.6171e+07          -1.891e+07          2.2778e+06          1.3968e+06
0                   0         -9.5214e+07         -2.3638e+07          2.8473e+06           1.746e+06
0                   0         -1.1426e+08         -2.8365e+07          3.4167e+06          2.0952e+06
0                   0          -1.333e+08         -3.3093e+07          3.9862e+06          2.4444e+06
0                   0         -1.5234e+08          -3.782e+07          4.5557e+06          2.7936e+06
0                   0         -1.7138e+08         -4.2548e+07          5.1251e+06          3.1428e+06
0                   0         -1.9043e+08         -4.7275e+07          5.6946e+06           3.492e+06
0                   0         -2.0947e+08         -5.2003e+07           6.264e+06          3.8412e+06
0                   0         -2.2851e+08          -5.673e+07          6.8335e+06          4.1904e+06
0                   0         -2.4756e+08         -6.1458e+07          7.4029e+06          4.5396e+06
0                   0          -2.666e+08         -6.6185e+07          7.9724e+06          4.8888e+06
0                   0         -2.8564e+08         -7.0913e+07          8.5419e+06           5.238e+06
0                   0         -3.0468e+08          -7.564e+07          9.1113e+06          5.5872e+06
0                   0         -3.2373e+08         -8.0368e+07          9.6808e+06          5.9365e+06
0                   0         -3.4277e+08         -8.5096e+07           1.025e+07          6.2857e+06
0                   0         -3.6181e+08         -8.9823e+07           1.082e+07          6.6349e+06
0                   0         -3.8085e+08         -9.4551e+07          1.1389e+07          6.9841e+06
0                   0          -3.999e+08         -9.9278e+07          1.1959e+07          7.3333e+06
0                   0         -4.1894e+08         -1.0401e+08          1.2528e+07          7.6825e+06
0                   0         -4.3798e+08         -1.0873e+08          1.3098e+07          8.0317e+06
0                   0         -4.5703e+08         -1.1346e+08          1.3667e+07          8.3809e+06
0                   0         -4.7607e+08         -1.1819e+08          1.4236e+07          8.7301e+06
0                   0         -4.9511e+08         -1.2292e+08          1.4806e+07          9.0793e+06
0                   0         -5.1415e+08         -1.2764e+08          1.5375e+07          9.4285e+06
0                   0          -5.332e+08         -1.3237e+08          1.5945e+07          9.7777e+06
0                   0         -5.5224e+08          -1.371e+08          1.6514e+07          1.0127e+07
0                   0         -5.7128e+08         -1.4183e+08          1.7084e+07          1.0476e+07
0                   0         -5.9032e+08         -1.4655e+08          1.7653e+07          1.0825e+07
0                   0         -6.0937e+08         -1.5128e+08          1.8223e+07          1.1175e+07
0                   0         -6.2841e+08         -1.5601e+08          1.8792e+07          1.1524e+07
0                   0         -6.4745e+08         -1.6074e+08          1.9362e+07          1.1873e+07
0                   0          -6.665e+08         -1.6546e+08          1.9931e+07          1.2222e+07
0                   0         -6.8554e+08         -1.7019e+08            2.05e+07          1.2571e+07
0                   0         -7.0458e+08         -1.7492e+08           2.107e+07          1.2921e+07
0                   0         -7.2362e+08         -1.7965e+08          2.1639e+07           1.327e+07
0                   0         -7.4267e+08         -1.8437e+08          2.2209e+07          1.3619e+07
0                   0         -7.6171e+08          -1.891e+08          2.2778e+07          1.3968e+07
0                   0         -7.8075e+08         -1.9383e+08          2.3348e+07          1.4317e+07
0                   0          -7.998e+08         -1.9856e+08          2.3917e+07          1.4667e+07
0                   0         -8.1884e+08         -2.0328e+08          2.4487e+07          1.5016e+07
0                   0         -8.3788e+08         -2.0801e+08          2.5056e+07          1.5365e+07
0                   0         -8.5692e+08         -2.1274e+08          2.5626e+07          1.5714e+07
0                   0         -8.7597e+08         -2.1747e+08          2.6195e+07          1.6063e+07
0                   0         -8.9501e+08         -2.2219e+08          2.6765e+07          1.6413e+07
0                   0         -9.1405e+08         -2.2692e+08          2.7334e+07          1.6762e+07
0                   0         -9.3309e+08         -2.3165e+08          2.7903e+07          1.7111e+07
0                   0         -9.5214e+08         -2.3638e+08          2.8473e+07           1.746e+07
