Sun  		  2.0E30	 2.275516284377471E-03 	5.674584204209984E-03 	-1.314872406379591E-04	-5.133286596263640E-06	5.546935742947126E-06 	1.192983588781728E-07
Mercury		3.3E23 	-3.921538113765745E-01	-5.487782323669228E-02	3.110546532171399E-02	-1.585262467570905E-03	-2.659352789459454E-02	 -2.028407535139456E-03
Venus  		4.9E24 	-5.262376668671904E-01 	4.909161410927460E-01 	3.702319276131515E-02 -1.375950023480965E-02 	-1.499877247340715E-02	 5.880182710587884E-04
Earth		  6.0E24	 9.734025729853681E-01 	2.419834645740379E-01  -1.431391619984015E-04	-4.349120221681536E-03 	1.665176259960777E-02	 -3.136856029400199E-07
Mars 			6.6E23 	-1.515836965734370E+00	6.901502514851527E-01 	5.146923411381268E-02	-5.231956552732054E-03 	-1.155615007852424E-02	 -1.138865561074195E-04
Jupiter 	1.9E27	-4.623955742786234E+00 	-2.860777990176931E+00 	1.152897955764984E-01	3.881161097594458E-03 	-6.058283182355370E-03	 -6.166024881933462E-05
Saturn 		5.5E26	-4.054191284158095E-01 	-1.004694419069413E+01 	1.908230990964330E-01	 5.268688859602635E-03 	-2.426734651712632E-04	 -2.056210844707071E-04
Uranus 		8.8E25	1.787729807481248E+01 	8.776369655211150E+00  -1.990075885367137E-01	-1.762081973967272E-03 	3.347240820361182E-03	 	 3.511924576643145E-05
Neptun 		1.03E26	2.860478537542545E+01 	-8.851521431448582E+00 -4.769463061047106E-01 9.066379590607452E-04		3.017237536736915E-03		 -8.293060831294856E-05
Pluto			1.31E22	1.051657650590531E+01  -3.171589804117349E+01 	3.517913692627373E-01	3.055852032837181E-03 	3.423298915677500E-04	 -9.166158509214946E-04
