0                   0
0.000378925          0.00996938
0.000761156           0.0199389
0.00115001           0.0299087
0.00154885           0.0398789
0.00196106           0.0498496
0.0023901           0.0598209
0.0028395           0.0697931
0.00331289           0.0797662
0.00381397           0.0897403
0.00434661           0.0997156
0.00491476            0.109692
0.00552256             0.11967
0.00617427             0.12965
0.00687436            0.139631
0.00762745            0.149614
0.00843837            0.159599
0.00931218            0.169586
0.0102541            0.179575
0.0112697            0.189567
0.0123646             0.19956
0.0135449            0.209557
0.0148167            0.219556
0.0161866            0.229557
0.0176614            0.239561
0.019248            0.249569
0.0209538            0.259579
0.0227864            0.269592
0.0247537            0.279608
0.0268638            0.289628
0.0291252            0.299651
0.0315466            0.309677
0.0341371            0.319707
0.0369058            0.329741
0.0398624            0.339778
0.0430165            0.349818
0.0463781            0.359863
0.0499576            0.369911
0.0537654            0.379963
0.057812            0.390019
0.0621083            0.400079
0.0666651            0.410143
0.0714937            0.420211
0.0766051            0.430283
0.0820106            0.440359
0.0877215            0.450439
0.0937489            0.460523
0.100104            0.470612
0.106799            0.480705
0.113843            0.490801
0.121249            0.500902
0.129027            0.511008
0.137187            0.521117
0.145739             0.53123
0.154695            0.541348
0.164063             0.55147
0.173852            0.561596
0.184072            0.571726
0.19473             0.58186
0.205835            0.591998
0.217393             0.60214
0.229411            0.612286
0.241895            0.622436
0.25485             0.63259
0.26828            0.642747
0.282189            0.652909
0.296579            0.663074
0.311453            0.673242
0.326811            0.683415
0.342653             0.69359
0.358978            0.703769
0.375784            0.713952
0.393068            0.724137
0.410825            0.734326
0.429051            0.744518
0.447739            0.754713
0.466881            0.764911
0.48647            0.775111
0.506494            0.785314
0.526945             0.79552
0.547809            0.805728
0.569074            0.815939
0.590725            0.826152
0.612749            0.836367
0.635128            0.846584
0.657846            0.856803
0.680885            0.867024
0.704226            0.877246
0.727849             0.88747
0.751734            0.897695
0.775859            0.907922
0.800203             0.91815
0.824742            0.928379
0.849454            0.938609
0.874316            0.948839
0.899302            0.959071
0.924388            0.969303
0.94955            0.979535
0.974762            0.989767
1                   1
