0                   0
0.000372674          0.00996962
0.000751959           0.0199395
0.00113124           0.0299094
0.00153048           0.0398801
0.00192972           0.0498507
0.00236261           0.0598227
0.00279551           0.0697947
0.00327637           0.0797685
0.00375723           0.0897424
0.00430119           0.0997185
0.00484516            0.109695
0.00546843            0.119674
0.00609171            0.129653
0.00681178            0.139635
0.00753184            0.149618
0.00836767            0.159604
0.0092035             0.16959
0.0101757             0.17958
0.011148            0.189571
0.0122791            0.199566
0.0134102            0.209561
0.0147247            0.219562
0.0160392            0.229562
0.0175637            0.239568
0.0190882            0.249574
0.0208514            0.259586
0.0226147            0.269598
0.0246477            0.279616
0.0266808            0.289634
0.029017            0.299659
0.0313532            0.309683
0.034028            0.319715
0.0367028            0.329747
0.0397539            0.339786
0.0428051            0.349825
0.0462721            0.359871
0.0497392            0.369918
0.0536635            0.379972
0.0575879            0.390026
0.0620125            0.400088
0.0664371             0.41015
0.0714059             0.42022
0.0763748             0.43029
0.0819328            0.440368
0.0874908            0.450446
0.0936829            0.460533
0.0998751            0.470619
0.106746            0.480714
0.113618            0.490809
0.121212            0.500912
0.128806            0.511015
0.137166            0.521126
0.145526            0.531238
0.154692            0.541358
0.163859            0.551477
0.173868            0.561605
0.183878            0.571733
0.194766            0.581869
0.205653            0.592005
0.217448            0.602149
0.229243            0.612293
0.241969            0.622445
0.254695            0.632597
0.268372            0.642756
0.282049            0.652915
0.296689            0.663082
0.311329            0.673249
0.326937            0.683423
0.342544            0.693596
0.359117            0.703777
0.37569            0.713957
0.393218            0.724145
0.410746            0.734332
0.42921            0.744525
0.447673            0.754718
0.467045            0.764917
0.486417            0.775116
0.50666             0.78532
0.526903            0.795524
0.547973            0.805734
0.569042            0.815943
0.590884            0.826157
0.612726             0.83637
0.635278            0.846588
0.65783            0.856806
0.681023            0.867027
0.704216            0.877249
0.727972            0.887473
0.751728            0.897698
0.775964            0.907925
0.800199            0.918152
0.824826            0.928381
0.849453             0.93861
0.874377            0.948841
0.899301            0.959072
0.924426            0.969304
0.94955            0.979535
0.974775            0.989768
1                   1
