0                   0
0.000377042          0.00996955
0.000757394           0.0199392
0.00114438           0.0299092
0.00154135           0.0398795
0.00195172           0.0498504
0.00237893           0.0598219
0.00282652           0.0697942
0.00329812           0.0797675
0.00379746           0.0897418
0.00432838           0.0997172
0.00489486            0.109694
0.00550103            0.119672
0.00615118            0.129652
0.00684975            0.139633
0.00760139            0.149617
0.00841094            0.159602
0.00928345            0.169589
0.0102242            0.179578
0.0112387             0.18957
0.0123326            0.199564
0.013512             0.20956
0.0147831            0.219559
0.0161523            0.229561
0.0176266            0.239565
0.0192129            0.249572
0.0209185            0.259583
0.0227511            0.269596
0.0247186            0.279612
0.0268291            0.289632
0.0290912            0.299655
0.0315134            0.309682
0.0341049            0.319712
0.0368749            0.329745
0.0398329            0.339782
0.0429887            0.349823
0.0463524            0.359867
0.0499341            0.369916
0.0537443            0.379968
0.0577937            0.390024
0.062093            0.400084
0.0666531            0.410148
0.0714852            0.420216
0.0766004            0.430288
0.0820099            0.440364
0.087725            0.450444
0.0937569            0.460529
0.100117            0.470617
0.106816             0.48071
0.113866            0.490807
0.121277            0.500908
0.12906            0.511013
0.137226            0.521122
0.145784            0.531236
0.154745            0.541353
0.164119            0.551475
0.173914            0.561601
0.18414            0.571731
0.194804            0.581865
0.205914            0.592003
0.217478            0.602145
0.229501            0.612291
0.241991            0.622441
0.254951            0.632595
0.268386            0.642752
0.2823            0.652913
0.296695            0.663078
0.311572            0.673247
0.326934            0.683419
0.34278            0.693595
0.359108            0.703774
0.375916            0.713956
0.393202            0.724141
0.410961             0.73433
0.429188            0.744522
0.447876            0.754716
0.467019            0.764914
0.486607            0.775114
0.50663            0.785318
0.527079            0.795523
0.547941            0.805731
0.569203            0.815942
0.590851            0.826154
0.612871            0.836369
0.635245            0.846586
0.657958            0.856805
0.680992            0.867026
0.704326            0.877248
0.727943            0.887472
0.751821            0.897697
0.775938            0.907924
0.800274            0.918151
0.824806             0.92838
0.84951             0.93861
0.874362             0.94884
0.899339            0.959071
0.924416            0.969303
0.949569            0.979535
0.974772            0.989768
1                   1
