0.0473604          -0.0577672           0.0643198
0.0933062           -0.111506            0.121595
0.136493           -0.157501            0.165591
0.175712           -0.192637            0.191584
0.209947           -0.214627            0.196882
0.238414           -0.222164            0.181091
0.260595           -0.214983            0.146101
0.276243           -0.193841           0.0958117
0.28538           -0.160401           0.0356331
0.288277           -0.117057          -0.0281629
0.285417          -0.0667084          -0.0891534
0.277457          -0.0125075            -0.14145
0.265177           0.0423868           -0.180278
0.249432           0.0950371           -0.202391
0.2311            0.142912           -0.206285
0.211043            0.184022           -0.192209
0.190063            0.216989           -0.161983
0.16888            0.241072           -0.118683
0.148108            0.256129           -0.066218
0.128244            0.262543         -0.00888502
0.109667            0.261122           0.0490665
0.0926388            0.252979            0.103803
0.0773184            0.239411            0.152185
0.063771            0.221786            0.191936
0.0519857            0.201446            0.221703
0.0418916            0.179627            0.241023
0.0333739            0.157405            0.250217
0.026289            0.135664            0.250223
0.0204773            0.115084            0.242418
0.0157741           0.0961444            0.228427
0.0120178           0.0791428            0.209954
0.00905625           0.0642193            0.188644
0.00675067           0.0513865            0.165972
0.00497793           0.0405608            0.143181
0.00363145           0.0315909            0.121247
0.002621           0.0242845            0.100875
0.00187168           0.0184293           0.0825184
0.0013225           0.0138099           0.0664131
0.000924654           0.0102201           0.0526179
0.000639737          0.00747098           0.0410581
0.000438012          0.00539541           0.0315669
0.000296782          0.00384997           0.0239217
0.000199017          0.00271478           0.0178742
0.000132081          0.00189194           0.0131722
8.67574e-05          0.00130324          0.00957647
5.64109e-05         0.000887426          0.00687023
3.62984e-05         0.000597406          0.00486463
2.31189e-05         0.000397631          0.00340038
1.45785e-05         0.000261694          0.00234684
9.09992e-06         0.000170317          0.00159953
5.6224e-06         0.000109621          0.00107676
3.43849e-06         6.97776e-05         0.000716014
2.08216e-06         4.39365e-05         0.000470397
1.24885e-06          2.7363e-05         0.000305348
7.40737e-07         1.68586e-05         0.000195877
4.34515e-07         1.02759e-05         0.000124176
2.53654e-07         6.19202e-06         7.78135e-05
1.44623e-07         3.69428e-06          4.8197e-05
8.26186e-08         2.18155e-06         2.95157e-05
4.93551e-08          1.2718e-06         1.78656e-05
2.50892e-08         7.37106e-07         1.06983e-05
1.40595e-08         4.19105e-07         6.33208e-06
7.17431e-09         2.41235e-07         3.70709e-06
3.00991e-09         1.37147e-07         2.14287e-06
4.43321e-09         7.29053e-08         1.22736e-06
2.10631e-09         3.86965e-08         6.96951e-07
-1.45654e-09          2.4631e-08         3.88039e-07
3.32927e-09         1.03286e-08         2.18009e-07
-1.80262e-09         6.56497e-09         1.14961e-07
-6.77558e-10         3.86279e-09         6.49401e-08
-4.00414e-10         4.43025e-09           3.436e-08
-1.85068e-09         5.04198e-09         1.91046e-08
1.89252e-10         8.97132e-10          1.2407e-08
3.97071e-11         7.79597e-10         8.10797e-09
-4.07669e-10         1.42404e-09         3.56895e-09
5.59109e-10        -9.90815e-11        -1.31531e-10
-2.79747e-10        -4.48588e-09        -1.38853e-09
-4.45866e-09         1.79544e-09         2.54172e-09
3.71331e-10        -2.90476e-09        -3.77231e-09
8.10365e-10           1.191e-09         3.69073e-09
7.9715e-10          1.7495e-09        -1.93199e-09
-7.11509e-10         1.63631e-09        -4.92337e-10
1.65498e-09         1.01686e-09        -4.39204e-09
-1.20749e-09          2.0438e-09        -1.62792e-09
1.30964e-09          8.7375e-10        -3.50265e-09
-1.73526e-09         6.63542e-10         1.00903e-10
5.59737e-10         1.53053e-09           2.091e-09
-3.76241e-09        -4.34459e-09         1.86241e-09
2.27705e-09         2.07325e-09         -1.3317e-09
-1.82663e-09        -2.55336e-09         2.55009e-09
2.95782e-09        -3.35728e-09         -2.5698e-09
2.59541e-10        -6.29221e-09          1.5564e-09
6.41021e-10        -2.85485e-09         1.06447e-09
-1.67926e-09         1.67164e-09        -6.54639e-10
1.20901e-09        -3.08419e-09         -1.3808e-09
-1.70328e-09        -1.13517e-09        -1.44135e-09
-4.11735e-10          -4.173e-09         3.52566e-10
2.30381e-09        -1.88119e-11        -7.78635e-10
-2.96944e-09         3.13289e-09         -1.0481e-09
3.53876e-09        -1.71483e-09        -6.54268e-09
-1.94352e-09        -3.55022e-09         8.31036e-10
-2.33516e-10        -7.61992e-10         1.32298e-09
-1.58049e-09          7.8358e-10         -3.6455e-10
3.388e-09         3.19292e-09         5.74006e-10
3.56049e-09        -3.56955e-09         -4.6739e-09
-2.89921e-09        -9.30063e-10          2.8709e-09
9.62516e-11        -3.11517e-09        -2.12557e-09
1.66792e-09         7.20254e-10         1.23782e-09
2.54323e-10         4.80577e-09         3.00012e-09
2.55623e-09         9.27017e-10        -1.19833e-09
-2.19803e-09         -7.5021e-10         3.48793e-09
1.63818e-09         1.56218e-09        -1.19344e-09
1.01036e-09         2.23717e-09           1.995e-09
3.46816e-10        -4.84227e-09        -1.15173e-10
1.91781e-10         9.25295e-12          -2.067e-09
-3.69978e-09         3.00272e-09         -7.2528e-10
9.6033e-11        -1.62028e-09        -1.96221e-09
7.70969e-10        -1.22248e-09        -2.31351e-09
7.80407e-10         -1.7558e-09        -5.15045e-10
3.23201e-09         1.78764e-09         -4.4156e-09
-2.89282e-09         1.62966e-09         1.28056e-09
3.08375e-09         5.19211e-10         3.08637e-09
8.49866e-10         3.57795e-09        -4.32664e-09
-2.07871e-09        -2.05458e-10          1.0307e-09
3.87413e-10        -2.63201e-10         2.75417e-09
-6.28816e-10         1.68702e-10        -3.28151e-09
-4.67232e-10         3.81151e-09         2.97743e-09
6.81963e-10         1.79344e-09         2.92545e-09
-1.42267e-09        -8.88692e-10        -2.32126e-09
1.1009e-09         3.31452e-10        -1.48979e-09
2.98969e-09        -1.17122e-09         1.80919e-09
-1.82433e-09         1.27615e-09        -3.79863e-09
3.98624e-09        -3.56647e-10          7.6229e-10
8.32046e-10         2.87932e-09         1.18405e-09
-5.58828e-10         1.20051e-09         -2.2809e-10
1.27536e-09        -1.24341e-09         3.06482e-09
1.56237e-09         3.04645e-10        -3.56725e-09
-5.81787e-10        -1.13684e-09         7.22441e-10
-1.11332e-09          2.3272e-09         5.62001e-10
-4.86924e-10         3.38569e-09          4.7321e-09
7.63076e-11        -4.89753e-09        -2.15537e-09
3.43741e-09        -2.38985e-09         3.41496e-09
8.48726e-11        -2.81145e-09        -2.38027e-09
-4.02703e-10        -1.34703e-09         1.69192e-10
-2.26602e-09        -1.70826e-09        -2.30695e-09
-1.48326e-09         2.41678e-09        -2.92552e-10
2.82025e-09         6.93254e-10        -3.16982e-09
-9.4382e-10         2.05883e-09         2.48883e-09
-1.84195e-09         3.72132e-09        -3.65855e-09
3.39374e-09         8.81773e-10         1.23188e-09
2.05533e-09        -2.36898e-09        -1.30903e-09
3.04612e-10         2.85483e-10         9.94814e-10
8.84589e-10         3.57218e-09        -1.21284e-09
-1.54532e-10        -2.97244e-09        -5.63215e-11
-6.59879e-10         1.43942e-09         -2.2075e-09
-1.8255e-09         3.58826e-09        -4.49628e-09
-9.87297e-10         9.74867e-10         3.46097e-09
8.41297e-10        -5.28226e-10         2.32802e-09
-1.72625e-09         1.24952e-10         8.64971e-10
2.43567e-10         1.08603e-09         8.09515e-10
3.8992e-09        -1.58643e-09        -1.32693e-09
2.75374e-09        -1.70779e-09         3.61982e-09
-8.30029e-10        -1.65266e-09        -5.18676e-10
1.09529e-09        -5.70804e-09        -8.53216e-10
2.8174e-09         5.65287e-11         4.46396e-10
-2.50239e-09        -2.74725e-09        -2.51571e-10
3.68974e-10        -1.30472e-10         5.54501e-09
2.83439e-09        -2.31761e-09        -1.66698e-09
-3.58065e-10         1.18198e-09        -1.30536e-09
-2.52251e-09        -8.17051e-10        -1.19323e-09
-1.24703e-09        -1.23498e-09          4.7023e-10
-4.24089e-10        -2.20414e-09         1.77957e-09
-5.70606e-10        -5.68183e-10        -2.56241e-09
1.99719e-09         3.62815e-09         2.89182e-09
2.1278e-09        -3.57852e-09        -8.39523e-10
6.9235e-10        -1.20362e-09         1.87393e-09
8.69925e-10         1.22413e-09         2.38138e-09
8.92975e-11        -7.30066e-10        -3.34053e-09
-2.44377e-09           7.569e-11         2.05334e-09
-1.15507e-09        -2.30351e-09         2.58808e-10
9.77517e-10        -2.37004e-09         1.55617e-09
2.45002e-09        -1.40632e-10         4.53278e-09
1.18153e-09         1.02529e-09        -3.53901e-09
3.01245e-10         3.76827e-10        -7.92509e-10
-2.0843e-09        -2.15273e-09         6.29187e-10
4.27369e-10         1.49928e-09        -3.14332e-09
-1.09134e-09         5.62452e-09         2.03484e-09
-1.23143e-09         8.94259e-10         1.67351e-09
-1.13407e-09        -1.60739e-09         -2.4835e-09
-1.49779e-09         1.16967e-09         1.78707e-09
-2.46467e-09        -2.67754e-10         3.06681e-09
-1.4545e-09        -4.10049e-10        -1.14125e-09
1.70192e-09         4.82715e-10        -1.23652e-09
-8.0295e-10        -2.87216e-09        -4.74806e-09
-3.05458e-09        -3.40654e-09        -5.26457e-09
-3.23956e-09         1.43125e-09         1.20022e-09
-3.10671e-09         1.75689e-09         2.07584e-09
7.58062e-10        -1.41365e-09        -1.35993e-09
2.55581e-09        -3.66297e-10         2.11521e-09
3.27145e-10          1.4001e-09         3.45544e-09
-1.98808e-09          2.3511e-10        -3.86407e-09
-3.26599e-09        -6.03961e-10        -6.22349e-09
-1.33182e-09         -4.9322e-13        -6.34646e-10
7.33646e-10         1.28513e-09         1.87128e-09
1.57314e-09         1.16241e-09        -1.06811e-09
2.49798e-09        -2.01495e-10        -1.39213e-09
1.12692e-09         -1.3681e-09         1.34416e-09
-1.57814e-09        -7.38335e-10        -5.17071e-11
-1.33252e-09          8.5692e-10         -3.8672e-09
1.28141e-10         1.66222e-10        -2.54182e-09
-5.68635e-10        -1.07496e-09          1.2302e-09
-3.38711e-10         -9.5676e-10         9.08281e-10
7.29334e-10        -1.09496e-09        -6.52175e-10
5.6986e-10        -2.82705e-09         -4.1769e-10
2.94689e-10        -3.48481e-09         1.95454e-09
-3.09067e-11        -1.82381e-09         1.33832e-09
-4.87053e-10         1.85416e-09         9.33752e-10
-2.14772e-10         1.24018e-09        -1.41901e-10
4.49925e-10        -4.86882e-10          1.2841e-09
7.11646e-10        -1.51754e-09        -3.99194e-11
1.29893e-09        -2.24214e-10         1.35895e-09
3.29176e-09         1.98235e-09         1.19055e-09
4.60044e-09         1.00647e-09         1.24784e-09
3.49545e-09         1.28968e-09        -1.39662e-09
2.05033e-09        -4.64677e-10        -5.04542e-09
1.31477e-09         3.50472e-10         -2.8725e-09
1.58888e-09        -5.35962e-10         1.62884e-09
2.07475e-10        -1.17412e-09         4.08662e-09
1.43248e-09          6.8688e-10         3.19797e-10
6.94751e-11         7.15588e-10        -5.16578e-09
9.38711e-10          1.6172e-09        -4.37518e-09
-1.81863e-09         2.62264e-10        -3.68492e-10
-6.77247e-10        -1.38571e-09         4.05118e-09
-1.02775e-09        -1.15632e-09         3.87857e-09
-7.19836e-10        -5.75977e-10        -3.21358e-10
-1.41485e-09         1.39895e-09        -3.11524e-09
-1.78351e-09         2.70218e-09         -2.8084e-09
-2.0708e-10         7.86942e-10        -2.10969e-09
4.99714e-11         1.09159e-09          1.3844e-10
5.62432e-10        -6.97652e-10         4.93167e-10
-7.85177e-11         4.48743e-10         -1.3043e-09
1.01703e-09        -5.34824e-10        -1.29934e-09
-1.70584e-09         1.18613e-09        -1.21258e-09
1.83959e-09        -5.77915e-10            1.03e-09
-3.27087e-09         3.90952e-10         2.18935e-09
5.53076e-10        -1.23896e-09         3.41533e-09
-1.5366e-09         7.31242e-10         5.64163e-10
1.05452e-09        -9.29831e-11        -8.40521e-10
1.81709e-10         3.11237e-09        -6.84259e-10
1.69028e-09         2.19715e-10        -2.55528e-09
3.01992e-10         3.23897e-09        -3.42824e-10
-5.48335e-10         1.05003e-09        -1.36069e-09
1.75211e-09        -3.19806e-10         1.68131e-09
2.10005e-10         7.81806e-10        -8.59164e-10
-1.17031e-09        -2.79746e-09         1.33453e-09
3.45598e-09         5.68871e-10        -5.84019e-10
-3.17902e-09        -4.05532e-09         2.30182e-09
-9.27466e-11         4.07713e-10        -2.21105e-09
1.55802e-09         -2.2754e-09          2.0778e-09
-2.05685e-09        -5.24559e-10        -1.57723e-09
-3.16802e-10        -1.90829e-09         1.20974e-09
2.78614e-09         2.82962e-10        -1.94763e-09
-1.57081e-09        -1.26603e-09        -7.43656e-10
1.19634e-09          1.5383e-09         4.57594e-10
-1.24628e-09        -2.51938e-09        -4.74509e-10
1.67144e-09         3.80061e-10         9.01865e-10
-2.1963e-09          8.1675e-10        -4.76734e-10
-6.79024e-11        -6.00684e-10         1.00969e-09
-3.13853e-11         -9.0633e-10         1.68711e-09
-1.34582e-09         1.19566e-09        -4.59001e-12
8.14997e-10        -8.99582e-10        -2.85871e-10
-1.03099e-09         4.34448e-10         9.08524e-11
-1.44212e-10         2.21111e-10        -3.27207e-10
7.29849e-11         1.51631e-09        -9.43134e-10
-1.57093e-10        -4.11029e-09         3.51115e-09
6.07457e-10          2.8329e-09        -3.45275e-09
-2.26003e-09         6.05506e-10        -3.66398e-10
2.53322e-09         -1.8314e-09         3.00453e-09
-9.01658e-10         1.15921e-09         -4.2567e-09
-6.27076e-10        -3.31644e-10         3.55212e-09
5.98828e-10         1.88128e-09        -5.15808e-10
1.52828e-09        -5.15063e-09         2.70384e-10
-1.3724e-09         5.50217e-09        -2.19403e-09
8.15225e-10        -1.48404e-09         2.31809e-09
-2.42725e-09        -6.44742e-10        -3.78609e-09
1.52625e-09        -1.06289e-09         3.95534e-09
2.9368e-09         1.50643e-09        -3.01771e-09
-1.86121e-09         6.67378e-10         2.49609e-09
-2.31875e-09        -5.68251e-10         2.42902e-09
6.88217e-10        -2.57029e-09        -5.37565e-09
8.67112e-10         4.16349e-09         2.47085e-09
3.56883e-09        -6.87441e-10         2.33875e-09
-1.64545e-09        -3.43355e-09        -5.97519e-09
-6.1647e-10         2.38027e-09          2.9787e-09
-4.06141e-09         -1.9321e-09        -2.39464e-09
3.35985e-09        -1.40936e-09         1.24091e-09
-4.12009e-10         8.26189e-10          -1.633e-09
-3.31543e-09        -6.55572e-10         6.14438e-10
2.32656e-09         3.06078e-09        -4.58097e-09
-2.11175e-09        -5.76009e-09         6.16456e-09
3.8735e-09         7.40439e-10         2.09677e-10
4.3373e-09         1.85912e-09        -6.23574e-09
-3.12122e-09        -2.32166e-10         2.38021e-10
1.99355e-09         1.13328e-09         6.03588e-09
1.05475e-09         6.18459e-10        -2.01451e-09
-1.42644e-09        -2.33077e-09        -3.46364e-09
-2.30492e-09        -1.20874e-09         4.86508e-09
-4.20859e-09         2.74546e-09         -3.9524e-10
1.62166e-09         5.42774e-10        -1.03423e-09
5.43039e-09        -1.44051e-10          -6.489e-10
2.41417e-09        -7.48905e-10         4.71747e-10
-8.43848e-10         1.26233e-09        -9.83512e-10
-2.37134e-10        -8.98351e-10        -4.37498e-10
2.24621e-09         9.49067e-10        -2.63551e-09
2.34657e-09        -2.40043e-10        -5.51078e-09
-1.48806e-09         1.08829e-09          1.0851e-09
-2.87738e-09        -1.61439e-09         4.02919e-09
-2.63256e-09         8.79701e-10         2.23323e-09
1.95183e-11         1.86034e-09         4.38405e-10
1.84481e-09        -1.40414e-09         2.50898e-09
1.04158e-09        -2.40891e-09         2.11294e-09
1.36839e-10        -4.32186e-10        -3.05085e-09
1.28932e-09         1.62662e-09        -5.95772e-09
3.10555e-10        -3.04373e-09        -2.95566e-09
-2.3192e-09        -4.39243e-09         2.31568e-09
-3.41962e-09        -3.14257e-09         4.38407e-09
-8.70304e-10        -3.56212e-10         2.62918e-09
8.4605e-10        -3.02857e-11        -3.00434e-09
-1.9121e-11        -3.95833e-10        -2.49247e-09
-2.04909e-09         -7.1751e-10         1.59469e-09
-2.63303e-09         1.27204e-09         4.95461e-09
-1.26247e-09         1.66765e-09         2.95992e-09
1.62062e-09         1.15494e-09        -1.22816e-09
3.04216e-09        -3.60909e-10        -3.91505e-09
4.00397e-09        -2.40486e-09        -4.23748e-09
3.66873e-09        -1.90345e-09        -2.93217e-09
2.60209e-09          3.5722e-10        -1.48267e-09
1.05006e-10         2.02175e-09        -1.11919e-09
-1.47258e-09         2.65345e-09        -5.11065e-10
-1.813e-09         1.40122e-09        -3.15578e-10
-1.94853e-09        -4.09402e-11         1.47105e-09
-1.41589e-09        -5.03796e-10          3.6664e-09
-9.7052e-10        -3.80423e-10         3.51077e-09
-1.33933e-09        -2.85952e-10         3.58085e-09
-2.01376e-09         1.97259e-11         3.71787e-09
-1.9242e-09         6.86308e-10         4.01392e-09
-1.18896e-09         1.57779e-09         4.12141e-09
-5.21408e-10         2.35135e-09         3.68432e-09
-2.16753e-11         3.18022e-09         2.91025e-09
6.53141e-10         2.62931e-09         2.31371e-09
8.02928e-10         1.71992e-09         1.23503e-09
6.18591e-10         9.79692e-10         7.10629e-10
8.01033e-11         4.19096e-10         1.01094e-09
-4.58726e-10         5.87217e-10         5.57247e-10
-7.39389e-10          7.3611e-10        -4.62262e-10
-4.772e-10         6.32452e-10          -1.218e-09
-4.8822e-10         6.04248e-10         -1.0216e-09
-5.24412e-10         7.76882e-10        -5.82616e-10
-4.38098e-10         8.13103e-10        -4.17954e-10
2.30806e-11         5.31864e-10         -4.1649e-10
3.5621e-10         2.31831e-10        -1.26955e-10
9.13695e-11         2.46177e-10         3.28432e-10
-3.54529e-10         3.07882e-10         3.70546e-10
-5.81225e-10          3.1742e-10         2.73179e-10
-6.32614e-10         4.23289e-10         3.03699e-10
-6.40288e-10         5.65667e-10          3.3168e-10
-4.69229e-10          4.0944e-10         4.92422e-10
-1.05135e-10          7.6058e-11         5.64087e-10
1.83902e-10        -9.34394e-11         3.14133e-10
2.15688e-10        -4.80472e-11        -2.40112e-13
3.00827e-11         4.18333e-11        -1.75079e-10
-1.36166e-10         7.43908e-11        -2.39203e-10
-1.35442e-10         6.57608e-11        -1.39866e-10
-7.35402e-11         7.85947e-11        -1.67012e-11
-6.47379e-11         7.31399e-11        -6.61596e-11
-1.09847e-10         8.28257e-11         -2.1694e-10
-1.23904e-10         9.09458e-11        -2.61106e-10
-9.94486e-11         6.29459e-11        -1.62313e-10
-4.49689e-11        -8.78027e-14        -6.41322e-11
5.5685e-12        -7.41471e-11        -3.56841e-11
2.99529e-11        -1.16584e-10        -4.91077e-11
5.04406e-11         -1.5809e-10        -6.24584e-11
6.96783e-11        -1.68942e-10        -4.07414e-11
8.84761e-11        -1.40162e-10         1.08217e-11
9.5102e-11        -9.51831e-11         5.34994e-11
7.86633e-11        -2.27595e-11         8.59877e-11
4.04151e-11         4.72827e-11         1.02996e-10
-1.89188e-11         6.94156e-11         7.82471e-11
-5.22844e-11         4.43924e-11         2.42151e-11
-6.40623e-11          1.8856e-11         -3.2607e-12
-5.43866e-11         1.65081e-11        -5.17778e-12
-4.07871e-11         1.35052e-11         9.05685e-12
-2.88647e-11         9.46136e-12         1.68645e-11
-2.62128e-11         8.74496e-12         1.84213e-11
-2.30826e-11         3.99468e-12          9.8873e-12
-2.33341e-11         7.93105e-12        -4.18093e-12
-2.98963e-11          1.3802e-11        -1.10733e-11
-2.75266e-11          1.2993e-11        -1.07435e-11
-1.88434e-11         8.37665e-12        -1.63611e-11
-1.38536e-11         7.47987e-12        -2.48046e-11
-9.14686e-12         8.68389e-12        -2.76478e-11
-6.27252e-12         9.98286e-12        -2.05626e-11
-6.89942e-12         1.04167e-11        -8.88759e-12
-7.10275e-12         1.16397e-11        -4.70824e-12
-3.46159e-12         7.54823e-12        -2.64765e-12
9.62493e-13          3.3658e-13        -1.11652e-12
3.50312e-13        -1.26469e-12        -1.09177e-12
-1.03848e-12        -1.39289e-12         5.54889e-13
-3.53162e-12        -3.62703e-13         9.63812e-13
-5.78393e-12         2.73319e-12          2.4377e-12
-5.49648e-12         4.36477e-12         5.04081e-12
-2.2672e-12         3.24292e-12         7.72613e-12
4.37347e-13         3.12973e-12         8.99451e-12
4.50606e-13         3.86589e-12         7.15251e-12
-2.6611e-13         5.31822e-12         4.59877e-12
-8.38992e-13          4.8736e-12         2.49629e-12
-1.01591e-12         3.45931e-12         1.72356e-12
-4.03878e-14         6.08884e-13         1.94341e-12
7.20708e-13        -7.64233e-13         1.18861e-12
6.48563e-13        -4.96326e-13         1.21409e-13
4.97866e-13        -1.75281e-13         6.37042e-13
2.93904e-13         5.43347e-13         1.99271e-12
-1.51645e-14         1.51218e-12         2.75828e-12
-3.98947e-13         2.38309e-12         2.94837e-12
-4.61411e-13         2.25477e-12         2.95305e-12
-9.33775e-14         1.34984e-12         2.55363e-12
3.25877e-13         4.68925e-13         1.96801e-12
3.42684e-13        -1.72883e-13         1.80337e-12
-4.74056e-14        -4.69269e-13         1.18395e-12
-4.6457e-13        -2.59612e-13         2.56873e-13
-4.00512e-13         1.10419e-13        -2.50727e-13
-2.13205e-13         4.67165e-13         -7.6269e-14
-1.75354e-13         6.34718e-13          1.8983e-13
-2.29388e-13         8.10755e-13         3.11116e-13
-8.8153e-14         7.76584e-13         3.81443e-13
9.69442e-14         6.04108e-13          5.9461e-13
2.31655e-13          3.5639e-13         6.63175e-13
2.99702e-13         2.06845e-13         7.09094e-13
3.41894e-13         7.06777e-14         5.81514e-13
3.6689e-13        -6.44796e-14         2.99736e-13
3.39066e-13        -2.33144e-13         7.29784e-14
2.46287e-13        -3.23128e-13        -5.14123e-14
1.01878e-13        -2.33431e-13        -1.19631e-13
-5.66517e-14        -1.21147e-13        -1.46839e-13
-1.70316e-13        -4.48339e-14        -1.88329e-13
-2.11024e-13         1.86666e-14        -2.95785e-13
-1.96705e-13        -4.15479e-14        -3.87872e-13
-1.68491e-13        -1.22636e-13         -3.1867e-13
-1.68494e-13        -1.51461e-13        -1.85978e-13
-1.20261e-13        -1.18155e-13        -5.79523e-14
-5.43976e-14        -6.27986e-14        -8.91553e-15
-1.2199e-14         -1.9127e-14         -3.8699e-15
-4.75548e-15         2.56769e-14         1.04483e-14
1.10458e-14         7.46738e-14         4.96247e-14
1.64753e-14         9.38064e-14         7.25963e-14
1.87939e-14         5.48613e-14         4.74669e-14
3.45273e-14        -4.98224e-15          2.3589e-14
5.6826e-14        -3.44015e-14         1.46405e-14
6.30133e-14        -3.96728e-14         1.67229e-14
4.07295e-14        -2.95798e-14         1.81556e-14
1.95998e-14        -1.94579e-14         2.71659e-14
5.56668e-15        -1.35567e-14         2.18811e-14
-2.15536e-15        -1.22794e-14         1.28976e-14
-1.24183e-14        -9.10364e-15         4.58962e-15
-1.17389e-14        -1.50749e-14         6.05107e-16
-8.89995e-15        -1.69053e-14        -7.56058e-15
-3.24825e-15        -1.93174e-14         -1.3178e-14
1.07465e-15        -1.81776e-14         -8.3844e-15
-3.058e-15          -1.256e-14        -4.84261e-15
-5.4629e-15        -8.35908e-15        -5.03757e-15
-5.6718e-15        -3.19641e-15        -3.11061e-15
-5.74027e-15         3.74318e-15        -4.08422e-15
-6.58272e-15         5.94989e-15        -4.98098e-15
-8.02524e-15          3.7561e-15        -3.08391e-15
-8.04502e-15         2.03959e-15        -1.29099e-15
-3.53045e-15        -6.69193e-16         1.44883e-15
1.63532e-16        -2.84475e-15         1.18407e-15
1.78001e-15        -2.62646e-15         1.07408e-15
1.46939e-15        -1.36137e-15         1.15636e-15
1.86385e-15        -3.11275e-16         2.98762e-15
2.15704e-15         1.41515e-15         3.28513e-15
1.30951e-15         2.12777e-15         3.74749e-15
2.18626e-16         1.53334e-15         4.18654e-15
2.15054e-17         5.13267e-16         2.56646e-15
-8.63608e-16         6.88556e-17         3.73966e-16
-1.71301e-15          8.7249e-17        -4.69553e-16
-1.59385e-15        -6.20582e-16         1.67721e-16
-5.19553e-16        -1.14116e-15         7.30629e-16
7.30533e-16        -1.14803e-15         1.33649e-15
1.04649e-15         -1.2679e-15          2.4977e-15
7.32982e-16        -1.79633e-15         3.39065e-15
6.25664e-16        -2.00109e-15         2.88829e-15
7.89071e-16        -1.56243e-15         1.60978e-15
7.83724e-16        -8.97906e-16         6.50054e-16
4.98645e-16        -1.88605e-16         2.40814e-16
1.80955e-16         3.98176e-16         3.26602e-16
1.02715e-16          4.2734e-16         3.02793e-16
1.37074e-16         1.03308e-16         6.68802e-17
5.70514e-17        -8.64205e-17        -1.20788e-16
-2.27941e-17        -3.55344e-17         -9.4774e-17
