0.0141988          -0.0173768           0.0194539
0.0283124          -0.0345106             0.03848
0.0422567          -0.0511619           0.0566603
0.0559489          -0.0670992           0.0735965
0.0693092          -0.0821017           0.0889185
0.0822606          -0.0959636            0.102294
0.0947304           -0.108496            0.113434
0.10665           -0.119532            0.122101
0.117958           -0.128926            0.128114
0.128596           -0.136557             0.13135
0.138515           -0.142332             0.13175
0.147669           -0.146184            0.129316
0.156023           -0.148074            0.124112
0.163546           -0.147992            0.116262
0.170216           -0.145956            0.105946
0.176019           -0.142008           0.0933956
0.180945           -0.136219           0.0788861
0.184996            -0.12868           0.0627327
0.188176           -0.119508           0.0452808
0.1905           -0.108836           0.0268983
0.191985          -0.0968148          0.00796722
0.192658          -0.0836097           -0.011125
0.192547          -0.0693964          -0.0299941
0.191689          -0.0543589           -0.048267
0.190123           -0.038686          -0.0655894
0.187892          -0.0225683          -0.0816331
0.185042          -0.0061959          -0.0961021
0.181621           0.0102452           -0.108738
0.17768            0.026575           -0.119322
0.173271           0.0426223           -0.127684
0.168446           0.0582266           -0.133697
0.163259             0.07324           -0.137283
0.157761           0.0875283           -0.138412
0.152004            0.100973           -0.137099
0.146037            0.113472           -0.133405
0.139911            0.124939            -0.12743
0.13367            0.135305           -0.119314
0.127359            0.144518           -0.109226
0.12102            0.152544          -0.0973663
0.114692            0.159363          -0.0839577
0.108409            0.164972          -0.0692397
0.102205            0.169382          -0.0534645
0.096109            0.172617          -0.0368904
0.0901474            0.174712          -0.0197779
0.084343            0.175716         -0.00238346
0.0787159            0.175684           0.0150441
0.0732829            0.174681           0.0322681
0.0680577            0.172776           0.0490674
0.0630516            0.170046           0.0652397
0.0582727             0.16657           0.0806037
0.053727            0.162428           0.0950008
0.049418            0.157703            0.108297
0.045347            0.152477            0.120382
0.0415136             0.14683            0.131172
0.0379153            0.140842            0.140607
0.0345484            0.134586            0.148651
0.0314076            0.128136            0.155289
0.0284865            0.121557            0.160531
0.0257779            0.114913            0.164401
0.0232736            0.108261            0.166945
0.0209648            0.101653             0.16822
0.0188423           0.0951359              0.1683
0.0168964           0.0887499            0.167265
0.0151175            0.082531            0.165207
0.0134956           0.0765092            0.162222
0.0120207           0.0707099             0.15841
0.0106833            0.065153            0.153875
0.00947352           0.0598543            0.148717
0.00838218           0.0548251             0.14304
0.00740018           0.0500727             0.13694
0.00651883           0.0456011            0.130512
0.00572983           0.0414108            0.123846
0.00502526           0.0374997            0.117023
0.00439768           0.0338632            0.110121
0.00384003           0.0304945            0.103209
0.00334575           0.0273852            0.096349
0.0029087           0.0245254           0.0895959
0.00252319           0.0219041            0.082997
0.00218394           0.0195092           0.0765923
0.00188612           0.0173284           0.0704151
0.00162526           0.0153487           0.0644917
0.00139731            0.013557           0.0588423
0.00119855           0.0119403           0.0534813
0.00102564           0.0104854           0.0484177
0.000875521          0.00917981           0.0436557
0.000745448          0.00801102           0.0391951
0.00063296          0.00696713            0.035032
0.000535838          0.00603667            0.031159
0.000452101          0.00520873           0.0275658
0.000379977          0.00447293           0.0242397
0.000317884          0.00381946           0.0211658
0.000264411          0.00323905           0.0183275
0.000218304          0.00272299           0.0157065
0.000178441          0.00226301           0.0132835
0.000143814          0.00185136           0.0110377
0.000113518          0.00148063          0.00894772
8.67251e-05          0.00114376          0.00699073
6.26755e-05         0.000833939          0.00514309
4.06571e-05         0.000544479           0.0033799
1.99897e-05         0.000268744          0.00167487
