0.0238379           0.0351069           0.0432197
0.0512546           0.0741682           0.0896562
0.0812561            0.114189            0.133827
0.112688            0.151938            0.170223
0.144303            0.184238             0.19401
0.17484            0.208254            0.201662
0.203098            0.221747            0.191419
0.228006            0.223268            0.163528
0.24868            0.212272            0.120221
0.264468            0.189147           0.0654522
0.274975            0.155152          0.00442119
0.280068            0.112286          -0.0570315
0.279867           0.0630879           -0.113089
0.274717           0.0104083           -0.158586
0.265149          -0.0428289           -0.189527
0.251833          -0.0938549           -0.203442
0.235527           -0.140248           -0.199542
0.217031           -0.180078            -0.17868
0.197132           -0.211993           -0.143138
0.176575           -0.235251          -0.0962826
0.156023           -0.249696          -0.0421412
0.136041           -0.255691           0.0150361
0.117083           -0.254024           0.0711884
0.099486           -0.245785            0.122779
0.0834772           -0.232255            0.167036
0.0691822           -0.214785            0.202078
0.0566392           -0.194701            0.226939
0.0458144           -0.173224            0.241507
0.0366195           -0.151414            0.246384
0.028927            -0.13014            0.242718
0.0225853           -0.110063            0.232013
0.0174312          -0.0916469            0.215944
0.0133          -0.0751727            0.196201
0.0100331          -0.0607656            0.174356
0.00748381          -0.0484258            0.151782
0.00552004          -0.0380594            0.129594
0.00402652          -0.0295081            0.108635
0.00290478          -0.0225752           0.0894841
0.00207264          -0.0170465           0.0724801
0.00146281           -0.012707           0.0577635
0.00102124         -0.00935276           0.0453188
0.000705292         -0.00679834           0.0350181
0.00048188         -0.00488093           0.0266607
0.000325728          -0.0034618           0.0200064
0.00021784         -0.00242584           0.0148022
0.000144149         -0.00167971            0.010801
9.43807e-05          -0.0011494          0.00777493
6.115e-05        -0.000777365          0.00552235
3.92062e-05        -0.000519672          0.00387115
2.48719e-05        -0.000343429          0.00267873
1.5615e-05         -0.00022438          0.00183007
9.7019e-06        -0.000144948          0.00123461
5.9677e-06        -9.25809e-05         0.000822587
3.635e-06        -5.84775e-05         0.000541353
2.19183e-06        -3.65289e-05         0.000351959
1.30559e-06        -2.25689e-05         0.000226084
7.70553e-07        -1.37906e-05         0.000143501
4.4707e-07        -8.33192e-06         9.00135e-05
2.60602e-07        -4.98204e-06         5.58032e-05
1.49578e-07        -2.94768e-06         3.41956e-05
8.44733e-08         -1.7257e-06         2.07165e-05
4.68385e-08         -9.9878e-07         1.24056e-05
2.74379e-08        -5.69637e-07         7.34491e-06
1.67625e-08        -3.24813e-07          4.2984e-06
9.31729e-09         -1.8064e-07          2.4906e-06
4.26197e-09        -1.01056e-07         1.42937e-06
1.35184e-10        -5.82578e-08         8.10658e-07
-1.48432e-09        -3.00431e-08         4.53498e-07
-2.02786e-10        -1.72942e-08         2.51342e-07
6.93827e-10         -7.9401e-09         1.39565e-07
-1.96229e-09        -3.38712e-09         7.49696e-08
1.18381e-09        -2.36657e-09         4.04503e-08
1.32488e-09         5.70364e-10         2.29428e-08
-3.21847e-12         4.53398e-10          6.9307e-09
7.40672e-10        -2.23521e-09         2.94348e-09
3.52905e-10         1.44817e-09         2.98533e-09
-9.05061e-10         2.18539e-09         3.38733e-09
-8.75214e-10        -1.48454e-09         2.58574e-09
-1.91488e-09          -6.118e-10         4.97061e-10
-3.77505e-09         2.25336e-09         -1.9986e-10
-1.01055e-09         2.41627e-09         8.60994e-10
1.35669e-09         1.09931e-09         3.26061e-09
-6.84504e-10         -1.2759e-09           2.468e-09
2.77136e-10        -1.75444e-09          1.6393e-09
-1.13514e-09        -5.51284e-11         1.29741e-09
2.20666e-09         1.77758e-09        -1.36499e-09
9.61413e-10         2.53805e-10        -1.20848e-10
3.77343e-09         5.39841e-10         1.99689e-09
2.98773e-09         1.76226e-09         3.88192e-10
4.14875e-09        -4.05224e-09        -2.11105e-09
9.88954e-10         2.74258e-09         -7.1014e-10
2.74258e-09        -2.15233e-09        -1.49921e-09
1.42106e-09        -3.79071e-11         1.44856e-09
-1.37507e-09         7.61688e-10         1.25954e-09
-1.21762e-09         1.98491e-09        -6.23077e-10
2.01485e-09        -2.96243e-09        -3.83062e-09
1.95692e-09          4.0393e-09         -5.4294e-10
-2.18554e-10         1.19161e-09         4.40925e-10
8.69577e-11        -5.58681e-10         2.35597e-09
-7.1294e-11        -1.12653e-09        -5.04904e-11
-8.97893e-10         5.46541e-10          3.0104e-09
-2.57083e-09         3.61901e-10         1.08361e-09
5.86628e-10         2.97382e-09        -3.41669e-09
3.53271e-10         4.42897e-10        -2.63512e-09
1.10937e-09        -1.20423e-09        -2.38819e-11
2.30316e-10        -2.96885e-09         -8.1089e-10
5.83414e-10        -1.47118e-10        -2.65564e-09
-4.77723e-10         1.35841e-09          3.8617e-09
-2.24509e-09          1.2472e-09         2.65488e-09
-2.01459e-10         3.20162e-09         3.44043e-09
-7.66175e-10         1.83034e-09        -6.59324e-09
5.84477e-10        -2.37748e-10        -3.82362e-10
9.00325e-10        -5.22939e-11        -2.77924e-11
1.4857e-09          2.5581e-09         4.36965e-09
3.23914e-09         2.66467e-09        -8.73323e-10
1.87784e-09        -5.15188e-09         -7.4327e-10
2.06198e-09         1.56502e-09         1.66826e-09
-4.42687e-10        -5.84056e-09        -2.34377e-09
4.84484e-10         7.07533e-10        -6.09815e-09
-3.98782e-09         1.42521e-09        -5.62157e-09
-1.42889e-09         6.66967e-10        -1.74566e-09
-4.82919e-09         1.82254e-09         3.38108e-09
-2.08068e-09        -2.66342e-09        -6.01169e-10
-2.48099e-09         1.66447e-09         5.36917e-10
-3.04043e-11          3.6602e-09         3.16028e-10
-1.07078e-09        -5.19567e-10           1.804e-09
-6.49262e-10         1.17003e-10         4.75093e-09
-1.32765e-09        -1.07302e-09        -5.21989e-10
9.03323e-10         -9.7126e-10        -5.34352e-10
1.58533e-09        -4.78288e-10        -1.62546e-09
-3.91946e-10          1.4067e-09        -1.93327e-09
1.24766e-10         1.83826e-09        -2.88559e-09
-1.06493e-09         3.78549e-09        -7.56078e-09
1.37955e-09        -3.91053e-10        -4.92322e-09
1.63402e-09        -8.48788e-10        -3.75247e-09
9.72029e-10         3.38064e-10        -2.69401e-09
-1.58642e-09        -4.39143e-09         9.07209e-10
-8.93831e-10         -9.6354e-10        -6.12211e-10
4.68387e-10         9.34078e-10        -3.82401e-09
4.07217e-10        -4.50879e-09         1.42751e-09
-1.40348e-09         7.67504e-09        -1.71015e-09
-1.34335e-10         5.25172e-10         -6.4638e-10
-9.41488e-10         4.17779e-10         -1.6424e-10
-1.35602e-09         2.18117e-09        -3.70793e-09
-5.84565e-11         8.71113e-10          1.5501e-09
3.20955e-10        -6.35126e-09         2.32156e-09
1.24955e-09         3.60842e-09        -2.64141e-09
3.24979e-10        -1.28079e-09        -1.98184e-09
-1.01979e-09        -3.05196e-09        -4.62564e-09
2.63333e-10          4.0985e-09        -2.84883e-09
1.67114e-09         5.30532e-10        -3.42651e-10
1.41449e-09         1.76952e-09         2.98777e-10
-8.52618e-10         1.81278e-09         5.43303e-11
4.83455e-10         4.41435e-09        -1.45743e-09
1.59401e-10          1.0858e-10        -3.09627e-09
-5.78617e-10         9.12603e-10        -2.61852e-09
8.34847e-10         1.11897e-09        -2.24073e-11
9.52761e-10        -3.74972e-10         1.04904e-09
-1.0125e-10        -1.65016e-09         3.37937e-10
1.44995e-09         2.89381e-09        -6.13606e-10
-1.57509e-10        -4.22693e-11        -9.30266e-10
-5.79709e-10        -1.17743e-09        -1.25086e-09
3.25128e-11         4.51047e-09        -1.37136e-09
-1.05248e-09        -2.42011e-09        -6.16763e-10
-1.30174e-09         6.74494e-10         5.16922e-10
-2.68201e-10         5.41927e-10        -1.28237e-09
-3.08915e-10        -1.56081e-09         2.36232e-09
3.8718e-10         1.74311e-09        -2.18443e-10
1.27913e-09         4.89594e-10         -1.7817e-09
1.47484e-09        -3.76878e-09        -3.74102e-09
7.99132e-10         2.38931e-09        -5.11033e-10
-1.10073e-09         -8.1881e-10        -8.46788e-10
-6.76989e-10        -5.28121e-10        -2.36425e-09
-5.48181e-10        -1.77892e-09        -2.21513e-09
-2.82742e-09         -1.9806e-09        -2.93461e-09
-1.99743e-09         3.13523e-09        -2.20094e-09
1.43886e-09         5.25576e-10        -1.16953e-09
1.31171e-09        -3.43318e-09         1.29442e-09
-1.32769e-09         5.77924e-10         9.48712e-10
-1.44048e-09         5.43605e-09         -6.2259e-10
1.10399e-09        -1.75763e-09         2.03422e-09
1.41715e-09        -4.08781e-09         2.34371e-09
-3.74391e-10          2.5051e-09         3.28619e-10
-1.13095e-09         1.63112e-09         2.00354e-09
-7.24894e-10        -2.18836e-09         2.81756e-09
-1.21718e-09         -1.8916e-09         2.50869e-09
-4.54856e-10         8.26098e-10        -1.60534e-09
8.66247e-10         4.71565e-09        -2.79376e-09
9.14117e-10         3.34999e-10          1.5037e-09
5.64099e-10         -2.1739e-09         1.98281e-09
1.1378e-09         4.60334e-10        -1.39273e-09
1.43155e-09         8.67639e-10        -1.70405e-09
1.08904e-09         1.03828e-09          4.0464e-10
-2.08331e-10         1.45065e-09         2.64264e-09
-6.9501e-10        -1.27071e-09         1.45044e-09
-8.32788e-10         -2.4486e-09         -1.3274e-09
7.39911e-10          2.0083e-09        -3.50232e-09
8.66503e-10         3.78646e-09         1.05562e-10
6.41922e-10         1.34576e-09         1.11118e-09
-6.25097e-11         4.65376e-10         -1.0705e-10
