0.0282038          -0.0344721           0.0384621
0.0559855          -0.0677398           0.0748135
0.0829334          -0.0986461            0.107065
0.108657           -0.126126            0.133462
0.132794           -0.149246            0.152584
0.155024           -0.167243            0.163425
0.175069           -0.179542             0.16544
0.192704           -0.185785            0.158574
0.207758            -0.18583            0.143255
0.220119           -0.179754            0.120361
0.229729           -0.167844             0.09116
0.23659           -0.150573           0.0572293
0.240756            -0.12858           0.0203625
0.24233           -0.102635          -0.0175363
0.241458          -0.0736042          -0.0545581
0.238324          -0.0424147          -0.0888914
0.233143          -0.0100137           -0.118913
0.22615            0.022665           -0.143265
0.217599           0.0547348           -0.160911
0.20775           0.0853851           -0.171175
0.196863            0.113904           -0.173753
0.185196            0.139697           -0.168706
0.172993            0.162296           -0.156438
0.160484            0.181367           -0.137649
0.14788            0.196709           -0.113285
0.135369            0.208248          -0.0844718
0.123117            0.216026          -0.0524479
0.111263            0.220188          -0.0185002
0.0999218            0.220968           0.0161007
0.0891832            0.218668           0.0501561
0.0791142            0.213644           0.0825862
0.0697598            0.206284            0.112466
0.0611454            0.196992             0.13905
0.053279            0.186176            0.161785
0.0461536            0.174232            0.180314
0.0397496            0.161533            0.194464
0.0340377             0.14842            0.204238
0.0289804            0.135198            0.209788
0.0245347            0.122129            0.211393
0.0206542            0.109435             0.20943
0.0172903           0.0972927            0.204346
0.0143937           0.0858374             0.19663
0.0119161           0.0751665            0.186789
0.00981063           0.0653423            0.175327
0.00803294           0.0563963            0.162725
0.00654149           0.0483337            0.149426
0.00529801           0.0411381            0.135828
0.00426769           0.0347762            0.122273
0.0034192           0.0292015            0.109048
0.00272469           0.0243588           0.0963815
0.00215962           0.0201869           0.0844468
0.0017026           0.0166219           0.0733668
0.00133515           0.0135994           0.0632181
0.00104146           0.0110565            0.054038
0.000808064          0.00893306           0.0458304
0.000623666          0.00717288           0.0385724
0.000478816          0.00572428           0.0322206
0.000365672           0.0045405           0.0267169
0.000277805          0.00357985           0.0219933
0.000209946          0.00280558            0.017976
0.000157837          0.00218572           0.0145897
0.000118042          0.00169278           0.0117595
8.78247e-05          0.00130332          0.00941371
6.50033e-05         0.000997635          0.00748517
4.78641e-05         0.000759222          0.00591215
3.50576e-05          0.00057446          0.00463899
2.55464e-05         0.000432172          0.00361632
1.85196e-05         0.000323274          0.00280093
1.33563e-05         0.000240445          0.00215555
9.58433e-06         0.000177833          0.00164839
6.84134e-06         0.000130784          0.00125265
4.85837e-06         9.56438e-05          0.00094599
3.43088e-06         6.95536e-05         0.000709997
2.41676e-06          5.0299e-05         0.000529616
1.69051e-06         3.61765e-05         0.000392657
1.17805e-06         2.58776e-05         0.000289354
8.16852e-07         1.84073e-05         0.000211953
5.61011e-07         1.30221e-05         0.000154328
3.85891e-07         9.16125e-06         0.000111706
2.60368e-07         6.40881e-06         8.03745e-05
1.74644e-07         4.46219e-06         5.74951e-05
1.18261e-07         3.09063e-06          4.0888e-05
8.05506e-08         2.12801e-06         2.89074e-05
5.08804e-08          1.4553e-06         2.03218e-05
3.45634e-08         9.91781e-07         1.42035e-05
2.39931e-08         6.73067e-07         9.86573e-06
1.47264e-08         4.52727e-07         6.82045e-06
8.98151e-09         3.07321e-07         4.68405e-06
6.55334e-09         2.01144e-07         3.19931e-06
4.51251e-09         1.30683e-07         2.17432e-06
5.85643e-09         8.68231e-08         1.46847e-06
5.3519e-09         5.87533e-08         9.87471e-07
4.01351e-10         3.99556e-08         6.59862e-07
3.02431e-09         1.89387e-08         4.37722e-07
1.36056e-09         1.56847e-08         2.88171e-07
2.06809e-10         9.58796e-09         1.90589e-07
3.32231e-09         3.29436e-09         1.24396e-07
-6.08189e-10          4.9899e-09         8.08858e-08
-9.50596e-11         3.35654e-09         5.14435e-08
5.10548e-10         7.23938e-09         3.22855e-08
5.93507e-10        -2.25416e-09         2.33669e-08
-1.20882e-09        -8.76106e-10         1.36934e-08
-2.52555e-09         4.33147e-09         6.90979e-09
5.26711e-10        -8.18796e-10         8.58687e-09
-7.78354e-10         4.24199e-09         3.87233e-09
1.19306e-09         1.86344e-09         6.94145e-11
8.01473e-10         1.43313e-09         2.59373e-09
2.70975e-12        -3.58552e-11         1.49752e-10
1.94074e-09         6.51024e-10         6.87564e-11
-1.08981e-09         5.21163e-09         -1.8941e-09
-1.54161e-09         3.43708e-09         4.53026e-10
-1.24874e-10         1.36038e-09          2.0844e-09
1.7896e-09        -1.58106e-09         1.34757e-09
-1.68633e-10          3.7471e-09        -3.22026e-11
-3.30054e-09         3.99031e-11         1.21437e-09
-1.98933e-09         1.25466e-09         5.16822e-10
-3.00918e-09         1.39457e-09        -3.32021e-09
3.71714e-11         2.95884e-09         2.32279e-09
2.64167e-10        -3.62235e-09         9.82487e-10
5.44305e-10        -2.84183e-09        -1.48979e-09
1.64273e-09          5.0379e-10         1.83948e-09
1.87164e-09         2.91471e-09        -7.22901e-10
2.28634e-09        -1.46159e-09        -1.74024e-09
2.74165e-09          2.4319e-09        -1.72389e-09
1.75281e-09        -2.28053e-09         1.97562e-09
1.50657e-09         2.97353e-10         1.39611e-09
3.21874e-10         2.30791e-09         1.83647e-09
2.31533e-09        -3.84843e-10         9.03485e-10
1.98944e-09         1.72106e-09        -2.03718e-09
1.42027e-09        -8.40857e-10        -1.24354e-09
1.0473e-09         3.60696e-09         3.23482e-10
-3.13089e-10        -2.31689e-11         1.15131e-10
7.94895e-11        -3.33326e-09         2.41932e-09
-1.69501e-09         1.14036e-09        -1.82256e-09
-1.57386e-09         1.51967e-10        -6.91692e-10
1.31392e-09        -9.05454e-10         2.23874e-09
1.09088e-09        -4.75948e-10        -1.57213e-09
-2.84341e-09        -4.24716e-09        -3.31587e-09
-1.72757e-10        -9.91154e-10         3.41147e-09
-2.25455e-09        -2.34328e-10        -8.33724e-10
-5.419e-10        -5.21109e-11         2.20649e-10
-3.25189e-10         1.48299e-09        -1.39831e-09
-1.6544e-09         9.65116e-10         7.69555e-10
-3.81348e-09        -4.79115e-09         -1.8985e-09
-1.51041e-09         1.33492e-09         5.74518e-10
1.60706e-10        -3.49926e-09        -1.39448e-09
6.77329e-10         3.19213e-09         1.96394e-10
3.34033e-09        -2.21929e-09        -1.37829e-09
1.34558e-09         6.06755e-10         -8.0211e-10
-1.50184e-09        -9.36406e-10        -1.17384e-09
-1.74741e-09         7.00611e-10         1.03026e-09
-1.9376e-09        -3.33532e-09         1.62289e-09
2.82971e-10         2.17905e-09        -2.99388e-09
-1.09648e-09           7.078e-10         2.07666e-09
-4.67727e-10         1.15696e-09         6.54815e-10
9.33826e-10        -6.40465e-10        -1.75394e-09
-2.62662e-10        -2.60556e-09         7.22424e-10
1.98723e-10        -2.87129e-09         6.79841e-10
2.51483e-09         2.77021e-09        -1.83018e-10
1.3536e-09        -3.05063e-09         1.27769e-10
-5.15338e-10         -1.3004e-09         1.72285e-09
1.49636e-09         3.22357e-09         -9.5403e-10
-1.37251e-09         1.56024e-09         8.96227e-10
-5.11786e-09         6.59165e-10        -2.17351e-10
2.15885e-10        -8.08496e-10         1.83591e-09
-1.64875e-09         1.59075e-09        -1.03784e-09
2.06074e-10        -3.20551e-09        -5.38759e-10
2.71265e-10        -1.60061e-09        -1.91213e-09
9.47255e-10          1.4305e-09         3.01927e-10
-9.17351e-10         4.68875e-09         2.81607e-09
-1.02067e-09        -2.62814e-09        -7.32292e-11
1.57159e-09        -2.13441e-09        -2.62668e-09
2.60736e-09        -3.27962e-09         3.74484e-09
2.06889e-09         1.59123e-09         7.69491e-10
5.59403e-11         1.27619e-09        -1.73139e-09
-9.88238e-10        -1.23237e-09        -1.05698e-09
-9.32843e-10         8.12704e-10        -6.92725e-10
-2.1564e-09        -6.12946e-10          6.4466e-10
1.06043e-09         3.99444e-09        -1.84156e-09
-3.51825e-10        -2.33227e-09         2.00955e-09
-2.4065e-09         -1.9864e-09         5.68277e-10
1.22735e-09          5.9686e-10         2.42581e-10
1.73472e-09        -3.76045e-09        -5.37204e-10
2.55681e-09         2.79968e-09        -1.53219e-09
-1.34572e-09        -1.81655e-09         9.87654e-10
1.70005e-09         2.67578e-12         1.38331e-10
2.19136e-09         4.75406e-09         1.38226e-09
3.84769e-10         8.04334e-10        -1.03805e-09
3.34968e-09         1.59178e-09         4.43158e-10
2.45658e-09        -4.18175e-09         2.92991e-09
8.80634e-10          2.1003e-09        -1.78264e-09
2.3326e-09         4.18541e-10        -5.06825e-10
7.457e-10        -9.52346e-10        -4.57436e-11
-4.4144e-11         1.19141e-11        -1.24223e-09
1.71204e-10         -1.3098e-09        -1.59274e-09
8.90462e-10        -5.25691e-10        -2.12898e-09
1.67503e-09         3.71827e-09         7.29649e-10
9.48316e-10         -1.1503e-09        -2.78785e-10
1.14622e-09        -3.50593e-10        -1.45049e-09
-5.6526e-10        -1.64953e-10         1.44688e-10
