0.000366256          0.00114902          0.00224125
0.000750529          0.00235356          0.00458777
0.001153          0.00361295          0.00703508
0.00157378          0.00492645          0.00957832
0.00201302           0.0062932           0.0122123
0.00247084          0.00771224           0.0149313
0.00294733           0.0091825           0.0177295
0.0034426           0.0107028           0.0206006
0.00395671            0.012272           0.0235381
0.00448974           0.0138885           0.0265349
0.00504176            0.015551            0.029584
0.00561278           0.0172579           0.0326779
0.00620285           0.0190075           0.0358089
0.00681198           0.0207981           0.0389691
0.00744017           0.0226278           0.0421504
0.0080874           0.0244947           0.0453444
0.00875364           0.0263967           0.0485427
0.00943886           0.0283317           0.0517366
0.010143           0.0302975           0.0549175
0.010866           0.0322918           0.0580764
0.0116077           0.0343123           0.0612045
0.0123681           0.0363564           0.0642928
0.013147           0.0384217           0.0673324
0.0139444           0.0405055           0.0703143
0.01476           0.0426053           0.0732296
0.0155937           0.0447182           0.0760694
0.0164454           0.0468416           0.0788249
0.0173148           0.0489724           0.0814876
0.0182017            0.051108           0.0840488
0.0191059           0.0532453           0.0865002
0.0200272           0.0553813           0.0888336
0.0209653            0.057513           0.0910411
0.0219199           0.0596374            0.093115
0.0228908           0.0617513           0.0950478
0.0238777           0.0638517           0.0968323
0.0248802           0.0659353           0.0984618
0.0258981           0.0679991           0.0999296
0.0269309           0.0700399             0.10123
0.0279783           0.0720544            0.102356
0.02904           0.0740395            0.103304
0.0301156           0.0759921            0.104068
0.0312046           0.0779089            0.104643
0.0323066           0.0797868            0.105026
0.0334213           0.0816226            0.105212
0.034548           0.0834133              0.1052
0.0356865           0.0851558            0.104986
0.0368362           0.0868468            0.104567
0.0379967           0.0884836            0.103943
0.0391673            0.090063            0.103113
0.0403477           0.0915822            0.102075
0.0415373           0.0930382             0.10083
0.0427355           0.0944282            0.099379
0.0439418           0.0957496           0.0977221
0.0451557           0.0969995           0.0958614
0.0463765           0.0981754            0.093799
0.0476036           0.0992747           0.0915378
0.0488365            0.100295            0.089081
0.0500746            0.101234           0.0864325
0.0513171            0.102089           0.0835968
0.0525636            0.102858           0.0805787
0.0538133             0.10354           0.0773836
0.0550656            0.104131           0.0740177
0.0563198             0.10463           0.0704872
0.0575753            0.105036           0.0667993
0.0588313            0.105347           0.0629612
0.0600872             0.10556           0.0589808
0.0613424            0.105676           0.0548666
0.062596            0.105692           0.0506271
0.0638473            0.105607           0.0462716
0.0650957             0.10542           0.0418094
0.0663405            0.105131           0.0372506
0.0675808            0.104739           0.0326052
0.0688159            0.104242           0.0278837
0.0700452            0.103641           0.0230969
0.0712679            0.102935           0.0182557
0.0724831            0.102124           0.0133715
0.0736902            0.101208          0.00845554
0.0748884            0.100186           0.0035195
0.076077           0.0990603         -0.00142492
0.0772551           0.0978298         -0.00636595
0.078422           0.0964954          -0.0112917
0.079577           0.0950578          -0.0161902
0.0807192           0.0935178          -0.0210496
0.081848           0.0918765          -0.0258579
0.0829624           0.0901348          -0.0306034
0.0840619           0.0882942          -0.0352743
0.0851456            0.086356          -0.0398589
0.0862127           0.0843218          -0.0443458
0.0872625           0.0821933          -0.0487237
0.0882942           0.0799724          -0.0529815
0.0893071           0.0776612          -0.0571085
0.0903005           0.0752616           -0.061094
0.0912735           0.0727762          -0.0649279
0.0922254           0.0702071          -0.0686002
0.0931555           0.0675571          -0.0721015
0.0940631           0.0648288          -0.0754225
0.0949474            0.062025          -0.0785547
0.0958078           0.0591487          -0.0814898
0.0966435           0.0562028          -0.0842199
0.0974537           0.0531907          -0.0867378
0.0982379           0.0501155          -0.0890366
0.0989954           0.0469808          -0.0911103
0.0997254           0.0437899          -0.0929531
0.100427           0.0405465          -0.0945598
0.1011           0.0372543           -0.095926
0.101744           0.0339171          -0.0970479
0.102358           0.0305388           -0.097922
0.102941           0.0271234          -0.0985458
0.103493           0.0236748          -0.0989172
0.104013           0.0201973          -0.0990349
0.1045           0.0166949          -0.0988982
0.104955           0.0131719           -0.098507
0.105376          0.00963268          -0.0978621
0.105763          0.00608148          -0.0969645
0.106115          0.00252272          -0.0958164
0.106432          -0.0010392          -0.0944203
0.106714         -0.00459982          -0.0927795
0.106959         -0.00815465           -0.090898
0.107169          -0.0116992          -0.0887802
0.107341           -0.015229          -0.0864314
0.107475          -0.0187396          -0.0838575
0.107572          -0.0222264          -0.0810648
0.107631          -0.0256849          -0.0780603
0.107651          -0.0291106          -0.0748517
0.107633          -0.0324992          -0.0714472
0.107575          -0.0358461          -0.0678553
0.107478          -0.0391469          -0.0640854
0.107341          -0.0423974          -0.0601471
0.107163          -0.0455932          -0.0560506
0.106946            -0.04873          -0.0518066
0.106688          -0.0518037          -0.0474259
0.10639          -0.0548101          -0.0429202
0.10605          -0.0577452           -0.038301
0.10567           -0.060605          -0.0335806
0.105248          -0.0633856          -0.0287714
0.104785          -0.0660832          -0.0238859
0.104281          -0.0686942           -0.018937
0.103735          -0.0712148          -0.0139379
0.103148          -0.0736417         -0.00890179
0.102519          -0.0759714         -0.00384198
0.101849          -0.0782007          0.00122805
0.101138          -0.0803265          0.00629481
0.100385          -0.0823458           0.0113448
0.0995907          -0.0842556           0.0163645
0.0987553          -0.0860533           0.0213405
0.0978788          -0.0877364           0.0262594
0.0969615          -0.0893022           0.0311081
0.0960033          -0.0907487           0.0358736
0.0950046          -0.0920735           0.0405428
0.0939656          -0.0932749           0.0451034
0.0928866           -0.094351           0.0495429
0.0917677             -0.0953           0.0538494
0.0906093          -0.0961207           0.0580112
0.0894118          -0.0968116           0.0620169
0.0881754          -0.0973717           0.0658557
0.0869005             -0.0978           0.0695171
0.0855876          -0.0980958           0.0729911
0.084237          -0.0982584           0.0762683
0.0828492          -0.0982876           0.0793397
0.0814246          -0.0981829           0.0821967
0.0799638          -0.0979445           0.0848316
0.0784672          -0.0975725           0.0872371
0.0769354          -0.0970672           0.0894066
0.0753689          -0.0964292           0.0913339
0.0737684          -0.0956591           0.0930138
0.0721344          -0.0947578           0.0944416
0.0704675          -0.0937265           0.0956131
0.0687684          -0.0925665           0.0965252
0.0670378           -0.091279           0.0971751
0.0652764          -0.0898659           0.0975609
0.0634848          -0.0883288           0.0976815
0.0616638          -0.0866698           0.0975364
0.0598141          -0.0848911           0.0971258
0.0579366          -0.0829949           0.0964506
0.0560319          -0.0809838           0.0955127
0.054101          -0.0788605           0.0943144
0.0521447          -0.0766277           0.0928589
0.0501637          -0.0742885           0.0911499
0.048159           -0.071846            0.089192
0.0461315          -0.0693036           0.0869906
0.044082          -0.0666646           0.0845513
0.0420115          -0.0639326           0.0818809
0.0399208          -0.0611114           0.0789865
0.037811          -0.0582049           0.0758759
0.0356831           -0.055217           0.0725576
0.0335379          -0.0521518           0.0690404
0.0313765          -0.0490136           0.0653341
0.0291999          -0.0458067           0.0614487
0.0270091          -0.0425355           0.0573946
0.0248052          -0.0392046           0.0531831
0.0225892          -0.0358186           0.0488256
0.0203621          -0.0323822            0.044334
0.018125          -0.0289003           0.0397206
0.015879          -0.0253776            0.034998
0.0136252          -0.0218191           0.0301791
0.0113647          -0.0182299           0.0252773
0.00909852           -0.014615           0.0203059
0.00682785          -0.0109793           0.0152785
0.00455379         -0.00732821           0.0102091
0.00227746          -0.0036667          0.00511162
