0.00209936         -0.00257102          0.00287456
0.00419774         -0.00513923          0.00574419
0.00629414         -0.00770182          0.00860394
0.0083876           -0.010256           0.0114489
0.0104771          -0.0127989           0.0142742
0.0125618          -0.0153279            0.017075
0.0146405          -0.0178401           0.0198464
0.0167124          -0.0203328           0.0225838
0.0187765          -0.0228033           0.0252823
0.0208318           -0.025249           0.0279375
0.0228775           -0.027667           0.0305447
0.0249124          -0.0300549           0.0330995
0.0269358            -0.03241           0.0355976
0.0289467          -0.0347299           0.0380346
0.0309441          -0.0370118           0.0404064
0.0329272          -0.0392536            0.042709
0.034895          -0.0414526           0.0449385
0.0368468          -0.0436066            0.047091
0.0387816          -0.0457132            0.049163
0.0406985          -0.0477702           0.0511509
0.0425968          -0.0497755           0.0530514
0.0444755          -0.0517269           0.0548613
0.0463339          -0.0536222           0.0565776
0.0481712          -0.0554597           0.0581973
0.0499866          -0.0572372           0.0597179
0.0517794          -0.0589531           0.0611367
0.0535487          -0.0606054           0.0624515
0.0552939          -0.0621925             0.06366
0.0570142          -0.0637128           0.0647603
0.0587089          -0.0651647           0.0657507
0.0603775          -0.0665468           0.0666295
0.0620191          -0.0678577           0.0673954
0.0636332           -0.069096           0.0680471
0.0652192          -0.0702606           0.0685836
0.0667765          -0.0713503           0.0690043
0.0683044          -0.0723642           0.0693084
0.0698025          -0.0733012           0.0694955
0.0712702          -0.0741604           0.0695656
0.0727071          -0.0749412           0.0695185
0.0741125          -0.0756428           0.0693546
0.0754861          -0.0762646           0.0690741
0.0768274          -0.0768061           0.0686778
0.078136          -0.0772669           0.0681664
0.0794115          -0.0776467           0.0675409
0.0806535          -0.0779453           0.0668025
0.0818617          -0.0781624           0.0659526
0.0830358          -0.0782982           0.0649928
0.0841754          -0.0783524           0.0639248
0.0852803          -0.0783255           0.0627505
0.0863503          -0.0782174            0.061472
0.087385          -0.0780286           0.0600916
0.0883843          -0.0777593           0.0586118
0.089348          -0.0774102           0.0570351
0.090276          -0.0769817           0.0553643
0.091168          -0.0764745           0.0536023
0.0920241          -0.0758893           0.0517521
0.0928441          -0.0752269           0.0498169
0.0936279          -0.0744882           0.0478001
0.0943756          -0.0736741            0.045705
0.095087          -0.0727858           0.0435353
0.0957622          -0.0718242           0.0412945
0.0964012          -0.0707906           0.0389866
0.097004          -0.0696862           0.0366153
0.0975708          -0.0685123           0.0341846
0.0981017          -0.0672704           0.0316986
0.0985966          -0.0659618           0.0291614
0.0990558          -0.0645881           0.0265771
0.0994795          -0.0631509           0.0239501
0.0998677          -0.0616517           0.0212846
0.100221          -0.0600922           0.0185851
0.100539          -0.0584742           0.0158558
0.100822          -0.0567994           0.0131012
0.101071          -0.0550697           0.0103257
0.101286           -0.053287          0.00753387
0.101466          -0.0514531          0.00473007
0.101613            -0.04957           0.0019188
0.101727          -0.0476396         -0.00089551
0.101808           -0.045664          -0.0037084
0.101856          -0.0436453         -0.00651548
0.101872          -0.0415855         -0.00931234
0.101856          -0.0394867          -0.0120947
0.101808          -0.0373511          -0.0148581
0.10173          -0.0351807          -0.0175985
0.101621          -0.0329778          -0.0203116
0.101482          -0.0307445          -0.0229933
0.101313           -0.028483          -0.0256395
0.101116          -0.0261954          -0.0282462
0.100889          -0.0238841          -0.0308097
0.100634          -0.0215512           -0.033326
0.100352          -0.0191988          -0.0357915
0.100042          -0.0168293          -0.0382026
0.0997054          -0.0144447          -0.0405557
0.0993428          -0.0120473          -0.0428475
0.0989547         -0.00963934          -0.0450747
0.0985415         -0.00722288          -0.0472341
0.0981039         -0.00480011          -0.0493228
0.0976423         -0.00237317          -0.0513378
0.0971574         5.58244e-05          -0.0532764
0.0966498          0.00248477          -0.0551359
0.0961199          0.00491159          -0.0569138
0.0955685          0.00733423          -0.0586078
0.0949961          0.00975068          -0.0602157
0.0944032           0.0121589          -0.0617354
0.0937906           0.0145571          -0.0631649
0.0931588           0.0169431          -0.0645026
0.0925084           0.0193152          -0.0657468
0.09184           0.0216714           -0.066896
0.0911542             0.02401           -0.067949
0.0904517           0.0263292          -0.0689045
0.089733           0.0286272          -0.0697616
0.0889987           0.0309024          -0.0705193
0.0882495            0.033153          -0.0711771
0.0874859           0.0353776          -0.0717344
0.0867086           0.0375744          -0.0721907
0.0859182           0.0397422          -0.0725459
0.0851153           0.0418792          -0.0727998
0.0843004           0.0439843          -0.0729525
0.0834742           0.0460559          -0.0730042
0.0826372           0.0480928          -0.0729553
0.0817901           0.0500937          -0.0728062
0.0809333           0.0520575          -0.0725575
0.0800676           0.0539829          -0.0722101
0.0791934           0.0558689          -0.0717648
0.0783114           0.0577145          -0.0712227
0.077422           0.0595186          -0.0705849
0.0765259           0.0612803          -0.0698527
0.0756236           0.0629987          -0.0690276
0.0747156            0.064673           -0.068111
0.0738025           0.0663025          -0.0671045
0.0728847           0.0678863            -0.06601
0.0719629            0.069424          -0.0648293
0.0710375           0.0709148          -0.0635643
0.070109           0.0723582          -0.0622172
0.0691779           0.0737537          -0.0607899
0.0682448           0.0751009          -0.0592849
0.06731           0.0763993          -0.0577043
0.066374           0.0776487          -0.0560506
0.0654374           0.0788488          -0.0543262
0.0645005           0.0799993          -0.0525337
0.0635638              0.0811          -0.0506758
0.0626277           0.0821508          -0.0487549
0.0616926           0.0831516           -0.046774
0.060759           0.0841025          -0.0447357
0.0598273           0.0850033          -0.0426428
0.0588978           0.0858542          -0.0404982
0.0579709           0.0866553          -0.0383049
0.057047           0.0874067          -0.0360656
0.0561265           0.0881086          -0.0337833
0.0552097           0.0887613          -0.0314611
0.0542969            0.089365          -0.0291018
0.0533885             0.08992          -0.0267085
0.0524848           0.0904268          -0.0242842
0.0515861           0.0908856          -0.0218319
0.0506927            0.091297          -0.0193544
0.0498049           0.0916614           -0.016855
0.048923           0.0919793          -0.0143364
0.0480472           0.0922513          -0.0118018
0.0471778           0.0924779          -0.0092539
0.046315           0.0926597         -0.00669579
0.0454591           0.0927973          -0.0041303
0.0446103           0.0928915         -0.00156029
0.0437688           0.0929428          0.00101142
0.0429349           0.0929521          0.00358203
0.0421086             0.09292          0.00614881
0.0412903           0.0928472          0.00870906
0.0404801           0.0927347           0.0112601
0.0396782            0.092583           0.0137994
0.0388846           0.0923932           0.0163244
0.0380996            0.092166           0.0188326
0.0373234           0.0919022           0.0213215
0.0365559           0.0916028           0.0237888
0.0357975           0.0912686           0.0262322
0.0350481           0.0909005           0.0286495
0.0343079           0.0904994           0.0310385
0.0335769           0.0900661           0.0333971
0.0328553           0.0896018           0.0357232
0.0321432           0.0891072            0.038015
0.0314406           0.0885833           0.0402705
0.0307476            0.088031            0.042488
0.0300642           0.0874513           0.0446656
0.0293905           0.0868451           0.0468019
0.0287266           0.0862134           0.0488951
0.0280724           0.0855572           0.0509438
0.027428           0.0848773           0.0529466
0.0267934           0.0841747           0.0549022
0.0261686           0.0834505           0.0568093
0.0255537           0.0827054           0.0586668
0.0249486           0.0819405           0.0604735
0.0243533           0.0811566           0.0622284
0.0237679           0.0803548           0.0639307
0.0231923           0.0795359           0.0655794
0.0226264           0.0787009           0.0671739
0.0220704           0.0778506           0.0687133
0.021524            0.076986           0.0701971
0.0209873           0.0761079           0.0716248
0.0204603           0.0752172           0.0729959
0.0199429           0.0743148             0.07431
0.019435           0.0734016           0.0755668
0.0189366           0.0724783            0.076766
0.0184477           0.0715458           0.0779075
0.0179681           0.0706049           0.0789912
0.0174978           0.0696565            0.080017
0.0170368           0.0687013           0.0809851
0.0165849             0.06774           0.0818954
0.016142           0.0667735           0.0827482
0.0157082           0.0658024           0.0835436
0.0152833           0.0648276           0.0842821
0.0148672           0.0638497           0.0849638
0.0144598           0.0628693           0.0855893
0.0140611           0.0618873           0.0861589
0.013671           0.0609042           0.0866732
0.0132893           0.0599207           0.0871328
0.0129159           0.0589374           0.0875382
0.0125508            0.057955           0.0878901
0.0121938           0.0569739           0.0881892
0.0118449           0.0559948           0.0884363
0.0115039           0.0550183           0.0886322
0.0111708           0.0540449           0.0887776
0.0108454            0.053075           0.0888734
0.0105276           0.0521092           0.0889205
0.0102173           0.0511481           0.0889199
0.00991436           0.0501919           0.0888725
0.00961873           0.0492413           0.0887793
0.00933028           0.0482966           0.0886413
0.00904888           0.0473582           0.0884595
0.00877443           0.0464266            0.088235
0.0085068           0.0455021           0.0879689
0.00824589            0.044585           0.0876623
0.00799158           0.0436758           0.0873162
0.00774375           0.0427748           0.0869319
0.0075023           0.0418822           0.0865105
0.0072671           0.0409983           0.0860531
0.00703805           0.0401235           0.0855608
0.00681502            0.039258           0.0850349
0.00659791            0.038402           0.0844765
0.0063866           0.0375558           0.0838869
0.00618099           0.0367196           0.0832671
0.00598095           0.0358936           0.0826184
0.00578638           0.0350779            0.081942
0.00559717           0.0342729            0.081239
0.0054132           0.0334785           0.0805106
0.00523438            0.032695            0.079758
0.00506058           0.0319224           0.0789824
0.00489171            0.031161           0.0781849
0.00472765           0.0304108           0.0773666
0.00456831           0.0296719           0.0765288
0.00441358           0.0289444           0.0756725
0.00426335           0.0282283           0.0747989
0.00411752           0.0275238            0.073909
0.00397599           0.0268308           0.0730039
0.00383867           0.0261494           0.0720848
0.00370546           0.0254796           0.0711527
0.00357625           0.0248215           0.0702086
0.00345095            0.024175           0.0692536
0.00332947           0.0235401           0.0682886
0.00321172           0.0229169           0.0673146
0.0030976           0.0223053           0.0663327
0.00298703           0.0217052           0.0653437
0.0028799           0.0211167           0.0643486
0.00277615           0.0205397           0.0633483
0.00267567           0.0199741           0.0623437
0.00257839           0.0194198           0.0613356
0.00248422           0.0188769           0.0603248
0.00239309           0.0183452           0.0593123
0.0023049           0.0178247           0.0582988
0.00221959           0.0173152            0.057285
0.00213706           0.0168167           0.0562717
0.00205726           0.0163291           0.0552596
0.0019801           0.0158522           0.0542495
0.00190551            0.015386           0.0532419
0.00183342           0.0149304           0.0522376
0.00176375           0.0144852           0.0512372
0.00169645           0.0140503           0.0502413
0.00163143           0.0136257           0.0492505
0.00156864           0.0132111           0.0482652
0.00150802           0.0128064           0.0472862
0.00144949           0.0124116           0.0463138
0.00139299           0.0120264           0.0453485
0.00133847           0.0116508           0.0443909
0.00128587           0.0112845           0.0434414
0.00123513           0.0109276           0.0425003
0.00118619           0.0105797           0.0415681
0.00113899           0.0102408           0.0406452
0.00109349          0.00991073           0.0397319
0.00104963          0.00958934           0.0388286
0.00100736          0.00927647           0.0379355
0.000966626          0.00897199            0.037053
0.000927384          0.00867573           0.0361813
0.000889586          0.00838756           0.0353207
0.000853185          0.00810731           0.0344714
0.000818136          0.00783484           0.0336337
0.000784395             0.00757           0.0328076
0.000751919          0.00731264           0.0319935
0.000720666          0.00706261           0.0311915
0.000690596          0.00681976           0.0304016
0.00066167          0.00658394           0.0296241
0.000633849            0.006355           0.0288591
0.000607096          0.00613279           0.0281066
0.000581375          0.00591718           0.0273667
0.00055665            0.005708           0.0266395
0.000532887          0.00550513           0.0259251
0.000510054          0.00530842           0.0252235
0.000488116          0.00511771           0.0245347
0.000467045          0.00493288           0.0238587
0.000446808          0.00475379           0.0231955
0.000427376          0.00458029           0.0225452
0.000408721          0.00441226           0.0219076
0.000390815          0.00424955           0.0212828
0.00037363          0.00409203           0.0206707
0.000357142          0.00393958           0.0200713
0.000341324          0.00379206           0.0194844
0.000326152          0.00364935           0.0189101
0.000311602          0.00351132           0.0183482
0.000297652          0.00337785           0.0177987
0.000284279          0.00324882           0.0172615
0.00027146           0.0031241           0.0167363
0.000259177          0.00300358           0.0162232
0.000247408          0.00288715           0.0157221
0.000236134          0.00277469           0.0152327
0.000225335          0.00266608            0.014755
0.000214995          0.00256123           0.0142888
0.000205094          0.00246001            0.013834
0.000195616          0.00236233           0.0133905
0.000186546          0.00226809            0.012958
0.000177865          0.00217718           0.0125365
0.00016956           0.0020895           0.0121258
0.000161616          0.00200496           0.0117256
0.000154017          0.00192346            0.011336
0.000146751           0.0018449           0.0109566
0.000139804          0.00176921           0.0105874
0.000133163          0.00169628           0.0102281
0.000126816          0.00162604          0.00987858
0.000120751          0.00155839          0.00953867
0.000114956          0.00149326           0.0092082
0.00010942          0.00143056          0.00888697
0.000104133          0.00137021          0.00857482
9.90837e-05          0.00131215          0.00827157
9.42629e-05          0.00125629          0.00797704
8.96609e-05          0.00120255          0.00769105
8.52684e-05          0.00115088          0.00741341
8.10765e-05          0.00110119          0.00714396
7.70768e-05          0.00105343          0.00688251
7.32611e-05          0.00100752          0.00662889
6.96215e-05         0.000963408          0.00638291
6.61504e-05         0.000921023           0.0061444
6.28405e-05         0.000880306          0.00591319
5.96848e-05           0.0008412           0.0056891
5.66765e-05         0.000803647          0.00547195
5.38093e-05          0.00076759          0.00526158
5.10769e-05         0.000732977          0.00505781
4.84733e-05         0.000699754          0.00486048
4.59928e-05         0.000667871          0.00466941
4.36298e-05         0.000637277          0.00448444
4.13791e-05         0.000607925           0.0043054
3.92356e-05         0.000579768          0.00413214
3.71945e-05         0.000552761          0.00396449
3.5251e-05          0.00052686          0.00380229
3.34007e-05         0.000502022          0.00364539
3.16392e-05         0.000478205          0.00349363
2.99624e-05         0.000455371          0.00334686
2.83664e-05         0.000433479          0.00320493
2.68474e-05         0.000412492          0.00306768
2.54016e-05         0.000392373          0.00293498
2.40257e-05         0.000373088          0.00280667
2.27162e-05         0.000354602          0.00268262
2.147e-05         0.000336881          0.00256269
2.02839e-05         0.000319893          0.00244673
1.9155e-05         0.000303607          0.00233461
1.80805e-05         0.000287994           0.0022262
1.70576e-05         0.000273022          0.00212136
1.60837e-05         0.000258664          0.00201996
1.51563e-05         0.000244893          0.00192189
1.4273e-05         0.000231681            0.001827
1.34315e-05         0.000219003          0.00173518
1.26296e-05         0.000206833           0.0016463
1.18651e-05         0.000195148          0.00156024
1.1136e-05         0.000183922          0.00147689
1.04403e-05         0.000173133          0.00139612
9.77621e-06         0.000162759          0.00131783
9.14176e-06         0.000152777          0.00124189
8.53527e-06         0.000143168           0.0011682
7.95502e-06         0.000133908          0.00109663
7.39938e-06          0.00012498          0.00102709
6.86677e-06         0.000116362         0.000959465
6.35566e-06         0.000108036         0.000893642
5.86458e-06         9.99833e-05         0.000829518
5.39208e-06         9.21844e-05         0.000766985
4.93676e-06         8.46219e-05         0.000705939
4.49728e-06         7.72778e-05         0.000646274
4.0723e-06         7.01346e-05         0.000587886
3.66054e-06         6.31752e-05          0.00053067
3.26073e-06         5.63826e-05         0.000474523
2.87161e-06         4.97397e-05         0.000419341
2.49198e-06           4.323e-05         0.000365019
2.12063e-06         3.68369e-05         0.000311453
1.75636e-06         3.05438e-05         0.000258539
1.39799e-06         2.43342e-05         0.000206169
1.04435e-06         1.81917e-05         0.000154239
6.94253e-07         1.20996e-05          0.00010264
3.46531e-07          6.0413e-06         5.12641e-05
