0.0127291          -0.0219074           0.0299549
0.0307115          -0.0518598           0.0695193
0.0537049           -0.087916            0.114039
0.0810277           -0.127062            0.157271
0.111595           -0.165519            0.192349
0.143997           -0.199171            0.212915
0.176616           -0.224067            0.214234
0.207755           -0.236898            0.194072
0.235787           -0.235414            0.153174
0.25928           -0.218695           0.0952507
0.277112           -0.187258           0.0264952
0.288543           -0.142981          -0.0453071
0.293254          -0.0888718           -0.111891
0.291339          -0.0287146           -0.165664
0.283271           0.0333547           -0.200716
0.26983           0.0932747           -0.213515
0.252015            0.147442           -0.203232
0.230951            0.193004           -0.171654
0.207796            0.228043           -0.122748
0.183656            0.251633          -0.0619796
0.159524            0.263792          0.00448136
0.13623            0.265344           0.0705541
0.11442            0.257721            0.130912
0.0945482            0.242745            0.181457
0.0768863            0.222405            0.219568
0.0615461             0.19867            0.244133
0.0485075             0.17333            0.255393
0.03765            0.147904            0.254668
0.0287842            0.123577            0.244012
0.0216796            0.101192            0.225864
0.016089           0.0812723            0.202732
0.0117666            0.064064            0.176951
0.00848159           0.0495911            0.150511
0.0060265           0.0377158            0.124967
0.00422151           0.0281941            0.101419
0.00291564           0.0207239           0.0805426
0.00198568           0.0149834           0.0626493
0.00133364           0.0106586           0.0477672
0.00088341          0.00746218           0.0357239
0.000577191          0.00514291           0.0262215
0.000372005          0.00349002           0.0188992
0.000236527          0.00233244           0.0133819
0.000148376          0.00153547          0.00931208
9.1834e-05         0.000995845          0.00637076
5.60891e-05         0.000636403          0.00428636
3.3803e-05         0.000400806          0.00283705
2.01046e-05           0.0002488          0.00184774
1.18005e-05         0.000152246          0.00118445
6.83766e-06         9.18482e-05         0.000747473
3.90783e-06         5.46331e-05         0.000464472
2.20923e-06         3.20495e-05         0.000284247
1.23229e-06         1.85397e-05         0.000171354
6.76602e-07         1.05792e-05         0.000101766
3.69e-07         5.95271e-06         5.95523e-05
1.94809e-07         3.30401e-06         3.43447e-05
1.03953e-07         1.81157e-06          1.9524e-05
5.62708e-08         9.78295e-07         1.09392e-05
2.9286e-08         5.23766e-07         6.04342e-06
1.28472e-08         2.75586e-07         3.28934e-06
8.93946e-09         1.41116e-07         1.76993e-06
3.36574e-09         7.31689e-08         9.39107e-07
6.41898e-10         3.50781e-08         4.83853e-07
2.60738e-10         2.11083e-08         2.56871e-07
-1.67997e-09         1.00163e-08          1.2873e-07
-4.69348e-10         8.87302e-10         5.76456e-08
-1.04174e-09         3.04359e-09         3.33738e-08
-2.74502e-10         2.26818e-09         1.89973e-08
2.48348e-09        -2.25323e-10         2.97123e-09
-9.90296e-10         2.10738e-09         3.30725e-09
2.44985e-09        -1.83372e-09         4.35663e-09
1.5792e-09        -2.11874e-09        -5.83611e-10
-2.18762e-09         9.08045e-10        -1.86397e-09
7.26056e-10        -9.52135e-10         1.60129e-09
1.95431e-09        -4.52197e-10         3.18319e-09
-5.09164e-10         2.43199e-09        -3.85984e-10
-3.14388e-10        -1.44098e-09          -1.972e-09
1.21617e-10        -2.56224e-10         9.45518e-10
2.16724e-09        -5.03748e-10        -4.21855e-09
9.05135e-10         1.11838e-09        -1.41351e-10
-3.24965e-10         3.40388e-10         2.31381e-09
2.19884e-09         2.47197e-09         -1.4092e-09
1.39749e-09        -1.63493e-09        -7.72266e-10
2.28545e-10         2.76393e-10          1.3145e-09
2.21668e-09        -5.40504e-10        -1.72271e-10
9.4637e-10         4.26119e-10        -1.03598e-09
-1.1863e-09        -5.93752e-10        -1.25469e-09
-7.51792e-10        -1.68523e-09         1.94551e-09
1.50542e-09         6.30496e-11        -2.55962e-09
2.36064e-10         5.87784e-10         4.38917e-09
-1.33043e-11        -5.67662e-10         2.33989e-10
-3.17727e-10        -2.05164e-09        -3.52548e-09
8.64655e-10        -1.27954e-09        -4.61021e-10
-7.10711e-10         3.26054e-09        -6.25694e-10
1.50119e-09         2.27651e-10         3.99403e-10
-4.90987e-10         8.13027e-10         3.94547e-10
-5.76908e-11          1.3463e-09        -1.28059e-09
-3.5854e-10        -5.00347e-10        -2.84573e-09
5.59726e-11         3.49474e-10          2.9264e-09
-3.53642e-10          5.9423e-10         1.98226e-09
-1.94467e-10        -6.01539e-10        -2.38872e-09
-1.93656e-09        -1.65889e-10         2.50838e-09
8.19556e-10        -1.69554e-09        -1.65254e-09
-1.49845e-09         1.33066e-09         4.58022e-09
-1.46595e-09         2.74556e-09        -4.22735e-10
-1.15871e-09        -4.59277e-10         3.23582e-09
5.01387e-10         2.16284e-09        -5.46074e-09
3.21732e-10        -1.87539e-09        -1.50352e-09
-1.93609e-09         3.52096e-09         4.57596e-09
2.15853e-09        -1.62461e-09         3.47983e-09
9.37663e-10         3.05098e-09         2.27839e-09
-2.27422e-09        -1.08879e-09        -5.65386e-09
2.08004e-09         4.44053e-10        -6.86604e-11
-3.20224e-09         7.69173e-10        -4.28485e-10
1.18431e-09        -3.63259e-09         3.18324e-09
2.98466e-09         8.32663e-10        -2.01043e-09
-6.66912e-10        -4.93468e-10        -1.01037e-09
7.51854e-10        -1.07219e-09         3.09691e-09
-1.19079e-09         2.47108e-09         2.72996e-09
2.82922e-12        -3.04722e-09          4.2134e-12
1.93674e-09         2.93387e-09        -2.09633e-09
-3.4351e-10        -2.03731e-09         1.65738e-09
-4.26028e-09         7.22401e-11        -3.10982e-09
2.59874e-09        -1.46686e-09         3.54553e-09
-9.67393e-10        -6.15452e-10        -7.39024e-10
-2.18786e-09        -2.31575e-09         2.61514e-10
9.2811e-10         4.01066e-09          3.3124e-09
-8.26982e-10        -1.86797e-09         -3.1747e-09
6.48089e-10         4.33616e-10        -1.39764e-10
2.71052e-09         4.27486e-09         1.03995e-09
1.70496e-09        -8.53919e-10         6.20383e-10
-4.49521e-09         1.20149e-10        -5.41555e-09
-1.02356e-09         1.72169e-10        -5.99866e-09
1.60089e-09        -1.39903e-10         3.11335e-10
2.94622e-10         1.16399e-09        -3.15681e-09
1.45949e-09         -3.1403e-11         1.09477e-10
1.12642e-09         1.58264e-09         2.94111e-09
-4.90432e-10        -1.48528e-09        -1.64135e-09
-7.03754e-10        -1.04265e-09        -6.12933e-10
2.04436e-09         1.00795e-09         4.00807e-09
2.82189e-10         1.45201e-09        -5.67042e-10
-6.55236e-10         2.04065e-09         7.44205e-10
-1.19331e-09          7.0433e-10         2.75726e-09
3.01606e-09        -1.60689e-09        -2.41563e-09
1.1841e-09         7.52158e-10        -1.65588e-10
-1.26454e-09        -2.39961e-09        -1.03433e-10
-2.79747e-09        -6.14273e-10         2.87671e-09
4.33914e-10         1.70194e-09        -2.08229e-09
1.83241e-09         3.44585e-09        -2.02489e-09
-9.47515e-10        -1.63871e-09         2.19761e-11
1.66254e-09        -8.09824e-10        -2.49491e-09
2.9136e-10         3.35558e-09          -1.018e-09
8.50629e-10        -2.23301e-10        -2.87266e-09
-2.38214e-10         -1.8599e-09         3.20525e-09
1.02661e-09        -1.22841e-09         5.71494e-09
-7.73909e-10         4.90242e-09        -1.40823e-09
2.88306e-09          3.2016e-09        -1.02881e-09
5.61556e-11        -2.82546e-10         2.71395e-09
-1.0989e-09         6.17815e-10         3.12711e-09
-1.60339e-09         1.10847e-09        -2.68376e-09
-9.04061e-10         2.02073e-09        -1.69899e-09
1.84149e-09         1.77131e-09         5.99749e-10
-3.89383e-10        -6.85129e-10         4.80547e-10
-2.85567e-09         -7.4247e-10        -9.88639e-10
-1.50231e-09         1.55666e-09        -1.33814e-09
-7.35868e-10         9.21176e-10        -1.48618e-10
-3.83593e-10        -1.52719e-09        -8.65009e-10
6.41172e-10        -1.79306e-09        -1.61777e-09
-3.04628e-10         2.89036e-10        -2.54323e-09
-7.84848e-10         1.99698e-09        -2.79021e-09
2.77785e-10         1.90005e-09         3.71593e-10
-2.38444e-11        -6.83268e-10         8.00891e-10
4.78468e-10         -3.0383e-09        -5.43785e-10
1.34942e-09        -1.27846e-09         1.39194e-09
5.9015e-10         1.23673e-09         2.42781e-09
-1.76375e-10         1.31909e-09        -1.11057e-09
-6.95389e-10         1.29016e-09        -4.55517e-09
-1.47476e-09         7.15275e-10        -4.60588e-09
1.52122e-10        -1.33298e-09        -1.57551e-09
2.70662e-09        -3.45574e-09         2.16714e-09
7.167e-10        -2.42428e-09         3.54146e-09
-3.74269e-10        -1.18667e-09         2.28491e-09
-1.64062e-09        -7.29037e-11        -4.66309e-10
2.92814e-10         1.38976e-09        -2.61298e-09
-2.92723e-09         2.63443e-09        -4.14568e-09
-1.11072e-09         2.61576e-09         -3.1896e-09
-1.1439e-09         3.86032e-11        -5.47133e-10
-4.4232e-10        -1.84898e-09         1.88362e-09
-1.32906e-09        -1.25914e-09         2.11115e-09
-2.28623e-09        -1.59075e-09         8.29944e-10
7.24465e-10         -6.3144e-10        -1.66752e-09
-9.38263e-10        -6.91525e-10         -1.9644e-09
1.64582e-10        -4.02138e-10        -4.41447e-10
-1.01966e-09        -2.76048e-11         7.66337e-10
-1.00082e-09          -1.043e-09         8.65084e-10
-5.1125e-10        -1.06457e-09        -3.84257e-10
-1.31078e-09        -1.03291e-09         8.40954e-10
-1.1089e-09        -1.28175e-09         2.66273e-09
-3.27373e-10        -1.04678e-09         3.53774e-09
3.86294e-10        -4.57633e-10         2.12358e-09
-2.11217e-09         -8.0579e-10          1.0983e-10
-9.38075e-11        -3.79867e-10        -3.34435e-10
-1.88399e-09         -3.3209e-10         8.38522e-10
-5.32977e-10        -5.76198e-12         1.35207e-09
3.71045e-10        -1.08013e-09         1.60405e-09
5.25271e-10         3.81265e-10         4.26712e-11
6.51115e-10        -1.09786e-09        -1.06567e-09
-2.2467e-09          1.8423e-09        -5.07426e-10
1.3297e-09        -4.60554e-10         4.04094e-10
-1.90044e-09         8.55106e-10         1.33273e-09
-1.40483e-09        -3.75558e-10         1.48248e-09
-3.98236e-10        -1.36474e-09         1.16064e-09
1.12696e-09         3.06702e-10         5.37013e-10
-2.06253e-09          -2.601e-09        -9.42829e-10
1.97751e-09         1.11726e-09        -4.62497e-10
-1.86653e-09        -5.22032e-10        -1.91036e-09
5.76838e-10         -5.4858e-11        -7.63042e-10
-7.19859e-10         1.51385e-09        -1.91568e-09
-1.56901e-09         1.13236e-09        -1.24487e-09
-2.89531e-09        -5.51341e-10        -8.45251e-10
1.86238e-09         2.35865e-09        -1.62175e-09
-2.3059e-09        -9.83768e-10        -5.27141e-10
-1.10278e-09        -3.34441e-10        -8.41556e-10
-3.44831e-10         1.39697e-09        -8.77189e-10
-6.99171e-10        -8.23688e-10         1.21324e-10
1.59029e-09         9.05447e-10        -5.77413e-10
-1.42347e-09         -2.1523e-09        -1.48481e-10
1.15934e-10         3.67183e-09         -8.7861e-11
3.18742e-10        -2.53091e-09         2.95793e-10
-6.25101e-10        -6.80842e-10        -1.51784e-10
-1.52256e-09         2.74489e-09        -1.08961e-09
3.53872e-09        -2.70923e-09         1.94651e-09
-1.22993e-09         1.16241e-09        -1.94266e-09
1.53895e-09         -3.0562e-10         2.52855e-09
-2.97596e-09         9.43882e-10        -2.73225e-09
-1.29938e-09         2.98797e-10         2.41983e-09
2.77291e-09         -4.2455e-10        -1.47068e-09
8.89847e-10        -3.96513e-09         4.41232e-11
-5.18556e-09         4.91189e-09         9.82742e-10
2.75849e-09        -2.49699e-09        -9.04017e-10
2.51301e-09        -7.11332e-10        -3.04504e-10
2.30279e-09        -1.03604e-10         1.23866e-09
2.47202e-10         3.78312e-10        -1.52796e-09
-2.65587e-09        -5.38256e-11         1.24265e-09
3.11854e-09         2.67894e-09        -2.63401e-09
-1.41497e-09        -3.78706e-09         3.24265e-09
-1.41386e-09         2.06998e-09        -2.09597e-09
3.19611e-09         3.86485e-10          1.5258e-10
-1.12108e-09        -2.10477e-09         1.57859e-09
-3.91696e-09         5.31179e-09        -1.84621e-09
5.38236e-09         -2.3449e-09        -2.33799e-11
-1.63402e-09        -1.63408e-09        -3.40008e-10
-2.49688e-09         1.68308e-09         3.79672e-09
1.07665e-09        -1.32101e-09        -3.40561e-09
-3.39675e-09        -2.05172e-09        -8.43957e-11
1.98032e-09         3.35114e-10         2.97737e-09
1.97965e-09         2.91645e-09        -1.12973e-09
-2.37771e-09        -9.82032e-10        -8.96791e-10
-5.7936e-10         1.87437e-09         1.36845e-09
9.82862e-10         6.30038e-10        -9.37805e-10
-4.99878e-10         2.20878e-09         1.86686e-09
-6.25746e-09         2.03373e-09         2.24505e-09
-6.7607e-10         1.23574e-09        -3.81375e-09
5.45887e-09         1.34507e-09        -1.45648e-09
1.39005e-09        -2.85662e-10         3.00421e-09
-1.70097e-09        -1.50177e-09         1.14637e-09
-2.23124e-09         3.42829e-10        -2.22983e-09
7.98687e-11         4.60001e-09        -2.94201e-09
-2.40389e-11          2.4357e-09         2.15438e-09
-9.67262e-10        -2.94825e-12         4.12165e-09
-1.95235e-09        -2.16833e-09         5.35258e-10
-1.29174e-09         -2.6861e-09        -3.41509e-09
-1.58695e-09        -4.52126e-10        -2.61793e-09
-2.20694e-09        -7.89344e-10         6.87236e-10
-2.35305e-09        -1.14803e-09         1.38432e-09
3.41013e-10        -1.60238e-09         4.88221e-11
1.29816e-09         -5.6444e-10         1.02923e-09
2.20633e-09         -2.5311e-10         3.52519e-09
3.1672e-09        -1.30703e-09         3.81318e-09
4.77067e-09        -2.84374e-09         1.81952e-10
4.26106e-09        -3.07077e-09        -3.76442e-09
2.20194e-09        -1.73096e-09        -4.03703e-09
6.05806e-11         7.60562e-10        -1.86766e-09
-1.14607e-09         2.79369e-09         1.42664e-09
-1.64289e-10          2.7457e-09         4.91845e-09
1.31504e-09         1.48619e-09         6.47573e-09
1.35278e-09         4.08049e-10         5.20947e-09
9.7632e-10         1.55524e-10          2.9738e-09
6.61923e-10         3.82646e-10         1.28165e-09
7.47939e-10         2.48897e-10         1.80406e-10
6.07253e-10        -6.84561e-11        -4.94138e-10
2.25842e-10        -3.01527e-10        -5.42325e-10
3.40665e-10        -3.23663e-10        -8.68448e-11
4.89242e-10        -1.88434e-10         -2.2343e-11
4.13368e-10        -1.81414e-10        -1.86845e-11
8.68796e-11         -2.8629e-10        -2.05379e-10
-2.68775e-10        -3.20076e-10        -3.80115e-10
-4.01196e-10        -1.50293e-10        -4.75289e-10
-3.55082e-10         1.08358e-10        -2.94237e-10
-2.86148e-10         2.70616e-11         2.38168e-12
-2.33104e-10        -6.44335e-11         4.58473e-11
-1.30916e-10        -7.61454e-11        -1.34221e-10
-3.40976e-11         4.38666e-11        -2.73105e-10
8.81259e-11         1.57694e-10        -2.72181e-10
2.16758e-10         1.67131e-10        -1.48723e-10
2.46432e-10         1.20595e-12         -1.0338e-10
1.62745e-10        -2.02834e-10        -7.91108e-11
4.87357e-11        -2.29345e-10         1.85629e-11
-1.83537e-12        -1.49931e-10         1.05095e-10
-1.0622e-11        -2.13288e-11         1.50645e-10
-1.48124e-11         3.18265e-11         1.79885e-10
-4.70742e-11          5.1004e-11         1.65105e-10
-7.66285e-11         4.23136e-11         9.38306e-11
-1.00626e-10         2.57438e-11         2.81545e-12
-9.95627e-11          1.6049e-11        -5.56084e-11
-6.93142e-11        -5.36682e-12        -7.63538e-11
-4.12146e-11         1.67391e-11        -8.18042e-11
-1.96622e-11          3.5916e-11        -6.30347e-11
-1.052e-11         1.42146e-11        -3.31351e-11
-3.39704e-12        -1.36307e-11        -3.04538e-11
-4.42093e-12        -2.30834e-11        -3.16555e-11
9.20127e-13        -2.37006e-11        -1.02753e-11
8.5202e-12        -2.42486e-11         1.58451e-11
1.14927e-11        -3.11857e-11         2.11239e-11
1.72242e-11        -3.60834e-11         1.59655e-11
2.16921e-11        -3.09201e-11         5.58612e-12
1.67076e-11        -1.72439e-11        -4.63095e-12
1.26834e-11        -1.05892e-11        -8.09584e-12
9.51726e-12        -9.70519e-12        -6.01967e-12
9.24974e-12        -5.89635e-12         7.14042e-13
1.00138e-11        -2.06044e-12         2.11864e-13
5.59602e-12         4.09542e-13        -2.86331e-12
1.36576e-12         1.47659e-12        -4.82016e-12
-1.59e-12         2.63898e-12        -4.38538e-12
-6.80509e-13         1.89092e-12        -1.80981e-12
1.67895e-12         7.21473e-13        -7.54669e-13
2.88034e-12         -1.7705e-12        -5.04477e-13
2.34433e-12        -3.54721e-12        -2.94242e-12
6.02758e-13        -3.06844e-12        -4.48464e-12
-6.43446e-13        -1.47594e-12        -3.26417e-12
-2.49791e-13        -7.81686e-14        -1.69752e-12
7.37145e-13        -6.84889e-14         6.23053e-14
8.80412e-13        -1.66167e-13         1.45072e-12
6.8704e-13        -3.65321e-13         1.69206e-12
1.22606e-13         -9.1133e-13         1.54073e-12
-5.42189e-13        -1.19968e-12         1.42532e-12
-5.09011e-13        -1.17445e-12          1.0587e-12
-1.65358e-13        -8.78341e-13          4.5982e-13
3.31e-13        -7.47573e-13          2.6712e-13
7.92381e-13        -7.02914e-13         3.64539e-13
9.00789e-13        -5.83085e-13         1.68883e-13
7.96505e-13        -4.14741e-13        -2.67646e-13
5.32501e-13        -3.90919e-13        -2.52664e-13
3.66875e-13         -3.8938e-13         6.51612e-14
2.78578e-13        -2.22063e-13          3.3886e-13
6.12087e-14         2.65979e-14         4.93659e-13
-3.41531e-14         7.16189e-14         4.03689e-13
-7.09857e-14         6.95042e-15         1.35905e-13
-6.52563e-14         1.30811e-14        -3.21614e-14
-7.15918e-14         9.15156e-14        -2.85404e-14
-7.75455e-14         9.34605e-14         2.25119e-14
-3.71707e-14         4.43031e-14        -1.76605e-15
-1.53845e-14         4.56403e-14          -7.244e-14
-4.73778e-14         9.92397e-14        -6.07967e-14
-6.56647e-14         1.12712e-13          -3.842e-14
-5.76839e-14         9.68177e-14        -2.55549e-14
-4.60828e-14         7.12836e-14        -2.96381e-14
-2.63403e-14         3.83563e-14        -4.48107e-14
-2.4315e-14         2.60158e-14        -4.09428e-14
-2.05666e-14         1.20111e-14         4.62143e-15
-1.99197e-14        -8.33609e-15         4.41206e-14
-1.08675e-14        -2.40484e-14         3.70501e-14
-4.32222e-15        -2.32114e-14         1.47765e-15
1.16247e-14         -2.5951e-14        -2.99694e-14
1.79189e-14        -2.37647e-14        -3.17925e-14
1.52955e-14        -2.79269e-14        -2.32187e-14
6.19873e-15        -2.53485e-14        -1.01382e-14
-4.00386e-15         -1.5694e-14        -7.70588e-15
-5.63904e-15        -8.26024e-15        -5.98971e-15
-5.21653e-15        -7.81064e-16        -3.00445e-15
-3.52423e-15         3.85899e-16        -7.29673e-15
2.20297e-16         3.56481e-16        -9.05421e-15
3.29663e-15         5.62583e-17        -9.21444e-15
2.72038e-15        -5.92458e-16        -7.96581e-15
1.53476e-15         7.11429e-16        -6.75143e-15
2.09502e-15         1.16321e-15        -4.57418e-15
5.57125e-15        -8.49297e-16        -1.99513e-15
6.26539e-15        -2.20981e-15         1.38403e-15
4.85146e-15        -2.98038e-15         2.81686e-15
2.81211e-15        -2.80044e-15         2.07399e-15
8.98274e-16         -1.8395e-15        -1.46907e-15
8.04813e-16        -1.57678e-15        -2.87024e-15
1.85872e-15         -1.5211e-15        -2.89414e-15
2.00203e-15        -1.41609e-15         -2.6078e-15
1.0335e-15        -1.44578e-15        -1.62954e-15
-2.07287e-17        -1.38836e-15        -4.53416e-16
-4.48725e-16        -8.94763e-16         3.99122e-16
-2.73263e-16        -2.17519e-16         3.05218e-16
-1.19409e-17         1.36593e-17        -1.00111e-16
-1.07508e-16        -1.48666e-16        -3.88487e-16
-5.7542e-17        -2.50099e-16         -3.5271e-16
