4.35117e-05        -9.29541e-05         0.000151561
9.13286e-05        -0.000195072         0.000318008
0.000143615        -0.000306668          0.00049979
0.000200537        -0.000428051         0.000697341
0.000262261        -0.000559531         0.000911084
0.000328952        -0.000701409          0.00114143
0.000400778        -0.000853985          0.00138876
0.000477905         -0.00101755          0.00165347
0.000560502          -0.0011924           0.0019359
0.000648733         -0.00137881          0.00223639
0.000742767         -0.00157706          0.00255527
0.000842768         -0.00178742          0.00289283
0.000948902         -0.00201014          0.00324935
0.00106133         -0.00224549          0.00362509
0.00118022          -0.0024937          0.00402028
0.00130574         -0.00275501          0.00443512
0.00143803         -0.00302965          0.00486979
0.00157727         -0.00331784          0.00532446
0.00172361         -0.00361977          0.00579924
0.00187721         -0.00393564          0.00629425
0.00203821         -0.00426564          0.00680954
0.00220677         -0.00460993          0.00734517
0.00238303         -0.00496868          0.00790114
0.00256715         -0.00534202          0.00847744
0.00275927          -0.0057301          0.00907402
0.00295952         -0.00613302           0.0096908
0.00316805         -0.00655089           0.0103277
0.00338498          -0.0069838           0.0109845
0.00361044         -0.00743183            0.011661
0.00384457         -0.00789503           0.0123571
0.00408748         -0.00837345           0.0130726
0.00433929          -0.0088671            0.013807
0.00460011         -0.00937601           0.0145601
0.00487006         -0.00990017           0.0153316
0.00514924          -0.0104395           0.0161211
0.00543775          -0.0109941           0.0169282
0.00573568          -0.0115638           0.0177523
0.00604312          -0.0121485           0.0185931
0.00636016          -0.0127482           0.0194499
0.00668688          -0.0133627           0.0203223
0.00702335           -0.013992           0.0212097
0.00736964          -0.0146358           0.0221113
0.00772581           -0.015294           0.0230267
0.00809192          -0.0159664            0.023955
0.00846802          -0.0166528           0.0248956
0.00885415           -0.017353           0.0258477
0.00925035          -0.0180667           0.0268105
0.00965665          -0.0187937           0.0277832
0.0100731          -0.0195337            0.028765
0.0104997          -0.0202863            0.029755
0.0109364          -0.0210514           0.0307522
0.0113833          -0.0218285           0.0317558
0.0118403          -0.0226172           0.0327648
0.0123075          -0.0234173           0.0337782
0.0127848          -0.0242283            0.034795
0.0132723          -0.0250497           0.0358142
0.0137698          -0.0258813           0.0368347
0.0142773          -0.0267224           0.0378554
0.0147949          -0.0275727           0.0388753
0.0153224          -0.0284317           0.0398932
0.0158598          -0.0292989            0.040908
0.0164069          -0.0301737           0.0419186
0.0169639          -0.0310557           0.0429238
0.0175304          -0.0319442           0.0439224
0.0181066          -0.0328388           0.0449132
0.0186922          -0.0337388            0.045895
0.0192872          -0.0346436           0.0468667
0.0198914          -0.0355527            0.047827
0.0205048          -0.0364654           0.0487747
0.0211272          -0.0373811           0.0497086
0.0217584          -0.0382991           0.0506275
0.0223984          -0.0392188             0.05153
0.0230469          -0.0401395           0.0524151
0.0237039          -0.0410605           0.0532814
0.0243691          -0.0419811           0.0541278
0.0250424          -0.0429007           0.0549531
0.0257236          -0.0438185            0.055756
0.0264126          -0.0447338           0.0565353
0.0271091          -0.0456458             0.05729
0.0278129          -0.0465539           0.0580187
0.0285238          -0.0474573           0.0587204
0.0292416          -0.0483553           0.0593939
0.0299662           -0.049247            0.060038
0.0306972          -0.0501317           0.0606518
0.0314345          -0.0510088           0.0612341
0.0321777          -0.0518773           0.0617838
0.0329267          -0.0527366           0.0622999
0.0336813          -0.0535859           0.0627815
0.0344411          -0.0544244           0.0632274
0.0352058          -0.0552513           0.0636369
0.0359754           -0.056066           0.0640089
0.0367493          -0.0568675           0.0643427
0.0375275          -0.0576552           0.0646372
0.0383096          -0.0584282           0.0648918
0.0390952           -0.059186           0.0651056
0.0398842          -0.0599276           0.0652779
0.0406763          -0.0606523            0.065408
0.0414711          -0.0613595           0.0654953
0.0422683          -0.0620483           0.0655391
0.0430676          -0.0627181           0.0655388
0.0438688          -0.0633681           0.0654939
0.0446714          -0.0639976            0.065404
0.0454753           -0.064606           0.0652686
0.04628          -0.0651926           0.0650872
0.0470853          -0.0657566           0.0648596
0.0478908          -0.0662974           0.0645855
0.0486963          -0.0668145           0.0642645
0.0495013           -0.067307           0.0638966
0.0503055          -0.0677745           0.0634815
0.0511087          -0.0682163           0.0630192
0.0519104          -0.0686319           0.0625096
0.0527104          -0.0690206           0.0619528
0.0535084          -0.0693819           0.0613487
0.0543039          -0.0697153           0.0606975
0.0550967          -0.0700203           0.0599995
0.0558863          -0.0702963           0.0592547
0.0566726          -0.0705429           0.0584634
0.0574551          -0.0707596           0.0576261
0.0582336          -0.0709461            0.056743
0.0590076          -0.0711017           0.0558147
0.0597769          -0.0712263           0.0548415
0.0605411          -0.0713194            0.053824
0.0612999          -0.0713806           0.0527628
0.062053          -0.0714096           0.0516586
0.0628          -0.0714062            0.050512
0.0635406          -0.0713699           0.0493238
0.0642746          -0.0713007           0.0480948
0.0650015          -0.0711982           0.0468258
0.0657211          -0.0710622           0.0455176
0.0664331          -0.0708926           0.0441713
0.0671372          -0.0706892           0.0427878
0.067833          -0.0704519           0.0413681
0.0685203          -0.0701804           0.0399133
0.0691987          -0.0698749           0.0384245
0.069868          -0.0695352           0.0369029
0.0705279          -0.0691612           0.0353497
0.0711781          -0.0687531           0.0337661
0.0718183          -0.0683107           0.0321533
0.0724482          -0.0678342           0.0305127
0.0730677          -0.0673236           0.0288456
0.0736764           -0.066779           0.0271535
0.074274          -0.0662005           0.0254376
0.0748604          -0.0655883           0.0236995
0.0754352          -0.0649426           0.0219407
0.0759983          -0.0642636           0.0201625
0.0765494          -0.0635514           0.0183666
0.0770882          -0.0628064           0.0165545
0.0776147          -0.0620288           0.0147278
0.0781284          -0.0612189           0.0128881
0.0786293          -0.0603771           0.0110369
0.0791172          -0.0595037          0.00917584
0.0795918           -0.058599          0.00730667
0.0800529          -0.0576635          0.00543098
0.0805005          -0.0566976          0.00355044
0.0809342          -0.0557018          0.00166673
0.0813541          -0.0546764        -0.000218469
0.0817598           -0.053622         -0.00210347
0.0821512          -0.0525391         -0.00398659
0.0825283          -0.0514282         -0.00586613
0.0828908          -0.0502899          -0.0077404
0.0832387          -0.0491247         -0.00960771
0.0835719          -0.0479333          -0.0114664
0.0838901          -0.0467161          -0.0133147
0.0841934           -0.045474           -0.015151
0.0844816          -0.0442075          -0.0169737
0.0847546          -0.0429172          -0.0187811
0.0850124          -0.0416039          -0.0205715
0.0852549          -0.0402682          -0.0223434
0.085482          -0.0389109           -0.024095
0.0856937          -0.0375326           -0.025825
0.0858899          -0.0361342          -0.0275316
0.0860706          -0.0347163          -0.0292133
0.0862358          -0.0332798          -0.0308687
0.0863855          -0.0318253          -0.0324961
0.0865195          -0.0303538          -0.0340943
0.086638          -0.0288659          -0.0356617
0.0867409          -0.0273625          -0.0371969
0.0868282          -0.0258444          -0.0386985
0.0869          -0.0243125          -0.0401652
0.0869562          -0.0227676          -0.0415958
0.086997          -0.0212104          -0.0429889
0.0870223          -0.0196419          -0.0443433
0.0870322          -0.0180629          -0.0456577
0.0870267          -0.0164743          -0.0469312
0.087006          -0.0148768          -0.0481625
0.08697          -0.0132715          -0.0493506
0.0869189          -0.0116591          -0.0504944
0.0868527          -0.0100405          -0.0515929
0.0867715          -0.0084166          -0.0526453
0.0866755         -0.00678825          -0.0536507
0.0865647         -0.00515631          -0.0546081
0.0864392         -0.00352166          -0.0555168
0.0862992         -0.00188516          -0.0563761
0.0861448        -0.000247668          -0.0571852
0.0859761          0.00138995          -0.0579435
0.0857932          0.00302685          -0.0586504
0.0855963          0.00466217          -0.0593054
0.0853855          0.00629507          -0.0599078
0.085161           0.0079247          -0.0604574
0.084923          0.00955025          -0.0609537
0.0846715           0.0111709          -0.0613963
0.0844068           0.0127858          -0.0617849
0.0841291           0.0143941          -0.0621194
0.0838385           0.0159951          -0.0623994
0.0835352           0.0175879          -0.0626249
0.0832194           0.0191719          -0.0627958
0.0828913           0.0207461          -0.0629121
0.0825511           0.0223099          -0.0629737
0.0821989           0.0238625          -0.0629807
0.0818351           0.0254032          -0.0629332
0.0814597           0.0269313          -0.0628314
0.0810731           0.0284459          -0.0626754
0.0806753           0.0299466          -0.0624657
0.0802668           0.0314325          -0.0622024
0.0798475            0.032903          -0.0618859
0.0794179           0.0343574          -0.0615166
0.0789781           0.0357952           -0.061095
0.0785283           0.0372156          -0.0606216
0.0780689           0.0386182          -0.0600968
0.0775999           0.0400023          -0.0595213
0.0771217           0.0413673          -0.0588957
0.0766344           0.0427127          -0.0582207
0.0761384           0.0440379           -0.057497
0.0756339           0.0453424          -0.0567252
0.0751211           0.0466258          -0.0559063
0.0746002           0.0478876           -0.055041
0.0740716           0.0491272          -0.0541301
0.0735354           0.0503442          -0.0531747
0.0729918           0.0515383          -0.0521755
0.0724413            0.052709          -0.0511336
0.0718839           0.0538559          -0.0500499
0.07132           0.0549786          -0.0489255
0.0707497           0.0560768          -0.0477614
0.0701734           0.0571501          -0.0465588
0.0695913           0.0581983          -0.0453186
0.0690037           0.0592211           -0.044042
0.0684107           0.0602181          -0.0427303
0.0678126           0.0611892          -0.0413845
0.0672097            0.062134          -0.0400058
0.0666022           0.0630524          -0.0385956
0.0659904           0.0639441          -0.0371549
0.0653745           0.0648091           -0.035685
0.0647548            0.065647          -0.0341873
0.0641314           0.0664579           -0.032663
0.0635047           0.0672415          -0.0311134
0.0628749           0.0679977          -0.0295397
0.0622421           0.0687266          -0.0279434
0.0616067           0.0694279          -0.0263256
0.0609688           0.0701016          -0.0246878
0.0603288           0.0707478          -0.0230313
0.0596867           0.0713664          -0.0213573
0.059043           0.0719574          -0.0196674
0.0583977           0.0725208          -0.0179626
0.057751           0.0730567          -0.0162446
0.0571033           0.0735651          -0.0145144
0.0564548            0.074046          -0.0127736
0.0558055           0.0744997          -0.0110233
0.0551558           0.0749261         -0.00926507
0.0545059           0.0753254         -0.00750006
0.0538559           0.0756977         -0.00572961
0.053206           0.0760431         -0.00395505
0.0525565           0.0763619         -0.00217765
0.0519076           0.0766543        -0.000398707
0.0512594           0.0769203          0.00138052
0.0506121           0.0771602          0.00315878
0.0499659           0.0773742          0.00493482
0.049321           0.0775625          0.00670743
0.0486776           0.0777254          0.00847538
0.0480358           0.0778632           0.0102375
0.0473958           0.0779761           0.0119926
0.0467578           0.0780644           0.0137395
0.0461219           0.0781283           0.0154772
0.0454884           0.0781682           0.0172044
0.0448572           0.0781843           0.0189201
0.0442287           0.0781771           0.0206233
0.0436029           0.0781468           0.0223128
0.04298           0.0780937           0.0239877
0.0423602           0.0780183            0.025647
0.0417435           0.0779208           0.0272896
0.0411301           0.0778016           0.0289147
0.0405201           0.0776611           0.0305213
0.0399137           0.0774996           0.0321085
0.039311           0.0773176           0.0336754
0.038712           0.0771155           0.0352213
0.038117           0.0768935           0.0367453
0.037526           0.0766522           0.0382467
0.0369391           0.0763919           0.0397246
0.0363565           0.0761131           0.0411783
0.0357781           0.0758161           0.0426072
0.0352042           0.0755013           0.0440105
0.0346348           0.0751693           0.0453877
0.03407           0.0748204           0.0467381
0.0335098            0.074455           0.0480612
0.0329544           0.0740735           0.0493563
0.0324039           0.0736765           0.0506231
0.0318583           0.0732643           0.0518609
0.0313176           0.0728374           0.0530694
0.030782           0.0723962            0.054248
0.0302515           0.0719411           0.0553965
0.0297262           0.0714726           0.0565144
0.029206           0.0709911           0.0576014
0.0286912            0.070497           0.0586572
0.0281817           0.0699908           0.0596814
0.0276775            0.069473           0.0606739
0.0271787           0.0689439           0.0616344
0.0266854           0.0684039           0.0625627
0.0261976           0.0678536           0.0634587
0.0257153           0.0672933           0.0643222
0.0252385           0.0667234           0.0651531
0.0247673           0.0661444           0.0659512
0.0243017           0.0655568           0.0667166
0.0238417           0.0649608           0.0674493
0.0233873            0.064357           0.0681491
0.0229386           0.0637457           0.0688161
0.0224956           0.0631274           0.0694504
0.0220582           0.0625024            0.070052
0.0216264           0.0618711            0.070621
0.0212004            0.061234           0.0711575
0.02078           0.0605915           0.0716617
0.0203654           0.0599438           0.0721337
0.0199564           0.0592914           0.0725736
0.019553           0.0586347           0.0729818
0.0191554            0.057974           0.0733584
0.0187634           0.0573097           0.0737036
0.018377           0.0566421           0.0740177
0.0179963           0.0559717            0.074301
0.0176211           0.0552987           0.0745538
0.0172516           0.0546235           0.0747763
0.0168876           0.0539464            0.074969
0.0165292           0.0532677           0.0751322
0.0161763           0.0525879           0.0752661
0.0158289           0.0519071           0.0753713
0.015487           0.0512257           0.0754481
0.0151505            0.050544           0.0754969
0.0148194           0.0498623           0.0755181
0.0144938           0.0491809           0.0755122
0.0141734              0.0485           0.0754795
0.0138584             0.04782           0.0754206
0.0135486           0.0471411           0.0753359
0.0132441           0.0464636           0.0752259
0.0129448           0.0457877            0.075091
0.0126506           0.0451136           0.0749318
0.0123616           0.0444417           0.0747487
0.0120776           0.0437722           0.0745423
0.0117986           0.0431052           0.0743131
0.0115246            0.042441           0.0740616
0.0112556           0.0417798           0.0737883
0.0109915           0.0411219           0.0734937
0.0107322           0.0404674           0.0731784
0.0104777           0.0398165           0.0728429
0.0102279           0.0391694           0.0724878
0.00998284           0.0385263           0.0721136
0.00974243           0.0378874           0.0717209
0.00950661           0.0372528           0.0713102
0.00927533           0.0366227            0.070882
0.00904854           0.0359972           0.0704369
0.00882619           0.0353765           0.0699755
0.00860823           0.0347608           0.0694983
0.0083946           0.0341501           0.0690058
0.00818525           0.0335446           0.0684986
0.00798012           0.0329445           0.0679773
0.00777916           0.0323497           0.0674424
0.00758231           0.0317606           0.0668945
0.00738952           0.0311771            0.066334
0.00720074           0.0305993           0.0657616
0.00701591           0.0300274           0.0651777
0.00683497           0.0294614           0.0645828
0.00665787           0.0289015           0.0639776
0.00648456           0.0283476           0.0633626
0.00631497              0.0278           0.0627381
0.00614906           0.0272585           0.0621048
0.00598676           0.0267233           0.0614632
0.00582802           0.0261945           0.0608137
0.00567279           0.0256721           0.0601569
0.00552101           0.0251561           0.0594932
0.00537263           0.0246466           0.0588231
0.00522759           0.0241437           0.0581471
0.00508583           0.0236473           0.0574656
0.00494731           0.0231574           0.0567792
0.00481197           0.0226742           0.0560882
0.00467975           0.0221976           0.0553931
0.0045506           0.0217276           0.0546943
0.00442447           0.0212643           0.0539923
0.00430131           0.0208076           0.0532875
0.00418106           0.0203576           0.0525803
0.00406367           0.0199142            0.051871
0.00394909           0.0194775           0.0511601
0.00383727           0.0190475            0.050448
0.00372816            0.018624            0.049735
0.0036217           0.0182072           0.0490216
0.00351784            0.017797           0.0483079
0.00341655           0.0173933           0.0475945
0.00331776           0.0169962           0.0468816
0.00322143           0.0166057           0.0461697
0.00312752           0.0162216           0.0454589
0.00303596           0.0158439           0.0447496
0.00294672           0.0154727           0.0440421
0.00285976           0.0151079           0.0433367
0.00277501           0.0147495           0.0426337
0.00269244           0.0143973           0.0419333
0.00261201           0.0140514           0.0412359
0.00253367           0.0137118           0.0405417
0.00245737           0.0133782           0.0398508
0.00238307           0.0130508           0.0391637
0.00231073           0.0127295           0.0384804
0.0022403           0.0124142           0.0378013
0.00217176           0.0121048           0.0371265
0.00210504           0.0118013           0.0364562
0.00204012           0.0115037           0.0357906
0.00197695           0.0112118           0.0351299
0.0019155           0.0109257           0.0344743
0.00185572           0.0106452           0.0338239
0.00179758           0.0103703            0.033179
0.00174104           0.0101009           0.0325396
0.00168607          0.00983702           0.0319059
0.00163262          0.00957849           0.0312781
0.00158066          0.00932529           0.0306562
0.00153015          0.00907734           0.0300404
0.00148107          0.00883458           0.0294308
0.00143338          0.00859693           0.0288275
0.00138703          0.00836434           0.0282306
0.00134201          0.00813671           0.0276401
0.00129828            0.007914           0.0270563
0.0012558          0.00769611            0.026479
0.00121455          0.00748298           0.0259085
0.0011745          0.00727454           0.0253448
0.00113561          0.00707072           0.0247878
0.00109785          0.00687144           0.0242378
0.0010612          0.00667663           0.0236946
0.00102563          0.00648621           0.0231584
0.000991111          0.00630012           0.0226292
0.000957613          0.00611827            0.022107
0.000925111          0.00594061           0.0215918
0.000893578          0.00576704           0.0210836
0.000862989          0.00559751           0.0205825
0.000833318          0.00543193           0.0200884
0.000804541          0.00527024           0.0196013
0.000776634          0.00511236           0.0191212
0.000749573          0.00495822           0.0186482
0.000723334          0.00480775           0.0181821
0.000697894          0.00466088            0.017723
0.000673232          0.00451753           0.0172709
0.000649326          0.00437764           0.0168256
0.000626153          0.00424113           0.0163872
0.000603694          0.00410794           0.0159557
0.000581927          0.00397799           0.0155309
0.000560833          0.00385122           0.0151128
0.000540392          0.00372755           0.0147014
0.000520584          0.00360692           0.0142966
0.000501391          0.00348927           0.0138984
0.000482794          0.00337451           0.0135067
0.000464776           0.0032626           0.0131213
0.000447318          0.00315345           0.0127424
0.000430404          0.00304701           0.0123697
0.000414017          0.00294321           0.0120032
0.00039814          0.00284198           0.0116428
0.000382757          0.00274327           0.0112885
0.000367852            0.002647           0.0109401
0.00035341          0.00255311           0.0105976
0.000339416          0.00246155           0.0102608
0.000325855          0.00237225          0.00992973
0.000312712          0.00228515          0.00960422
0.000299974          0.00220019           0.0092842
0.000287626           0.0021173          0.00896955
0.000275655          0.00203644          0.00866018
0.000264048          0.00195753          0.00835598
0.000252792          0.00188052          0.00805684
0.000241873          0.00180536          0.00776266
0.000231281          0.00173198          0.00747332
0.000221002          0.00166033           0.0071887
0.000211024          0.00159035           0.0069087
0.000201336          0.00152199          0.00663319
0.000191926          0.00145518          0.00636205
0.000182783          0.00138988          0.00609516
0.000173896          0.00132603          0.00583241
0.000165254          0.00126358          0.00557366
0.000156847          0.00120246          0.00531878
0.000148663          0.00114263          0.00506765
0.000140693          0.00108403          0.00482014
0.000132926          0.00102662          0.00457612
0.000125353         0.000970327          0.00433544
0.000117963         0.000915109          0.00409798
0.000110746         0.000860913          0.00386359
0.000103694         0.000807685          0.00363214
9.67969e-05         0.000755373          0.00340348
9.00447e-05         0.000703924          0.00317747
8.34285e-05         0.000653287          0.00295396
7.69391e-05         0.000603409          0.00273281
7.05672e-05         0.000554238          0.00251385
6.43039e-05         0.000505721          0.00229695
5.81401e-05         0.000457806          0.00208194
5.20668e-05          0.00041044          0.00186867
4.6075e-05          0.00036357          0.00165697
4.01559e-05         0.000317143          0.00144669
3.43004e-05         0.000271106          0.00123766
2.84995e-05         0.000225403           0.0010297
2.27444e-05         0.000179982         0.000822656
1.7026e-05         0.000134787         0.000616342
1.13352e-05         8.97625e-05         0.000410582
5.66297e-06         4.48524e-05         0.000205197
