0.0167829          -0.0205338           0.0229341
0.03344          -0.0407087           0.0452383
0.0498473          -0.0601725           0.0663006
0.0658836          -0.0785873           0.0855449
0.0814325          -0.0956354            0.102447
0.0963835           -0.111026            0.116551
0.110633           -0.124499            0.127478
0.124088           -0.135833            0.134942
0.136661           -0.144846            0.138752
0.14828           -0.151399             0.13882
0.158878           -0.155398            0.135161
0.168406           -0.156797             0.12789
0.176823           -0.155594             0.11722
0.184101           -0.151835            0.103453
0.190223           -0.145606            0.086971
0.195187           -0.137035           0.0682212
0.199           -0.126286            0.047706
0.20168           -0.113557           0.0259663
0.203256          -0.0990715          0.00356569
0.203767          -0.0830768          -0.0189248
0.203259          -0.0658368          -0.0409427
0.201788          -0.0476267          -0.0619485
0.199414          -0.0287278          -0.0814395
0.196204         -0.00942131          -0.0989622
0.192229            0.010016           -0.114122
0.187564           0.0293173           -0.126592
0.182285           0.0482296           -0.136119
0.17647           0.0665182           -0.142525
0.170196           0.0839693           -0.145714
0.16354            0.100393           -0.145666
0.156579            0.115626           -0.142434
0.149383             0.12953           -0.136144
0.142024            0.141999           -0.126985
0.134566             0.15295           -0.115201
0.127072            0.162331           -0.101085
0.119598            0.170116          -0.0849643
0.112196            0.176303          -0.0671977
0.104912            0.180915          -0.0481597
0.097789            0.183996          -0.0282332
0.0908621            0.185608         -0.00779924
0.0841625            0.185829            0.012771
0.0777161            0.184753           0.0331245
0.0715438            0.182482            0.052933
0.0656619            0.179128           0.0718989
0.0600821            0.174809           0.0897593
0.0548122            0.169645            0.106289
0.0498563            0.163757            0.121305
0.0452148            0.157266            0.134662
0.0408854            0.150289            0.146258
0.036863            0.142938            0.156031
0.0331402            0.135321            0.163954
0.0297076            0.127537            0.170038
0.0265543            0.119678            0.174323
0.0236681            0.111827            0.176879
0.0210358            0.104057            0.177799
0.0186435           0.0964355            0.177195
0.0164768           0.0890171            0.175196
0.0145212           0.0818494             0.17194
0.012762            0.074971            0.167575
0.0111847           0.0684124            0.162252
0.00977525           0.0621966            0.156121
0.00851982           0.0563394            0.149332
0.0074052           0.0508503            0.142027
0.00641875           0.0457333            0.134342
0.0055485           0.0409871            0.126406
0.00478315           0.0366064            0.118335
0.00411216           0.0325821            0.110234
0.00352571            0.028902            0.102196
0.00301472           0.0255517           0.0943048
0.00257083           0.0225148           0.0866281
0.00218639           0.0197736           0.0792242
0.00185445           0.0173096           0.0721396
0.00156868           0.0151036           0.0654102
0.00132341           0.0131366           0.0590622
0.00111349           0.0113893           0.0531127
0.000934385           0.0098433           0.0475712
0.000781998          0.00848045           0.0424399
0.000652727          0.00728353           0.0377151
0.000543379          0.00623618           0.0333883
0.000451155          0.00532301           0.0294464
0.000373589          0.00452965           0.0258733
0.000308544          0.00384282           0.0226502
0.000254156          0.00325027           0.0197567
0.000208801          0.00274081            0.017171
0.000171092          0.00230429           0.0148707
0.000139826          0.00193152           0.0128334
0.000113972          0.00161425           0.0110367
9.2655e-05          0.00134511          0.00945878
7.51301e-05          0.00111756          0.00807883
6.07593e-05         0.000925767          0.00687685
4.90111e-05         0.000764667          0.00583406
3.94334e-05         0.000629754          0.00493292
3.16395e-05         0.000517156          0.00415719
2.53231e-05         0.000423456          0.00349198
2.02141e-05         0.000345743          0.00292365
1.60925e-05         0.000281478           0.0024399
1.27805e-05         0.000228506          0.00202966
1.01245e-05         0.000184976            0.001683
7.99857e-06         0.000149313          0.00139112
6.30107e-06         0.000120188          0.00114624
4.95732e-06         9.64657e-05           0.0009415
3.88544e-06         7.72106e-05         0.000770921
3.0363e-06         6.16268e-05         0.000629284
2.36995e-06         4.90501e-05         0.000512092
1.83997e-06         3.89276e-05         0.000415436
1.42943e-06         3.08129e-05         0.000335996
1.11005e-06         2.43214e-05         0.000270922
8.54642e-07         1.91442e-05         0.000217787
6.55044e-07         1.50241e-05         0.000174548
5.04184e-07         1.17602e-05          0.00013947
3.86537e-07         9.18012e-06         0.000111109
2.94837e-07          7.1474e-06         8.82529e-05
2.28182e-07         5.54802e-06         6.98894e-05
1.69562e-07         4.29362e-06          5.5185e-05
1.27162e-07         3.31553e-06         4.34422e-05
9.8124e-08         2.55329e-06         3.41002e-05
7.55415e-08          1.9614e-06         2.66906e-05
5.63722e-08         1.50278e-06         2.08235e-05
4.10944e-08         1.14369e-06         1.62062e-05
3.14143e-08          8.7351e-07         1.25737e-05
2.18239e-08          6.6385e-07         9.72542e-06
1.86092e-08         5.03304e-07         7.49902e-06
1.33309e-08         3.78537e-07         5.77147e-06
7.3141e-09         2.87288e-07         4.42849e-06
7.40958e-09         2.17065e-07          3.3844e-06
4.47007e-09          1.5875e-07         2.57899e-06
2.24553e-09         1.21783e-07         1.96507e-06
3.27813e-09         8.57593e-08         1.49138e-06
2.85074e-09         7.10094e-08          1.1227e-06
1.87142e-09         4.96595e-08          8.4701e-07
1.54926e-10         3.48343e-08         6.39665e-07
3.73397e-10         2.47298e-08         4.81181e-07
1.00282e-09         1.91035e-08         3.57176e-07
2.4382e-09         1.56622e-08         2.64661e-07
1.63363e-09         1.06165e-08         1.98633e-07
1.6869e-10         8.59815e-09          1.4839e-07
3.1489e-09         3.04428e-09         1.10016e-07
3.12623e-09         5.21114e-09         7.94856e-08
2.4528e-09         4.85657e-09         5.65555e-08
7.9532e-10         3.36063e-10         4.51826e-08
1.40418e-09         2.05303e-09         3.13913e-08
2.01255e-10         3.43966e-10         2.21556e-08
-9.23824e-10         1.34504e-09         1.70011e-08
1.17209e-09         1.30477e-09         1.18128e-08
3.61067e-10         1.66779e-09         1.03944e-08
1.94622e-10         1.53799e-09         6.42434e-09
7.31348e-12        -6.77357e-10         5.25183e-09
-2.48238e-09        -2.76142e-09         1.16421e-09
-2.06722e-09         6.47047e-10         4.92868e-09
1.85594e-10        -5.30286e-10         4.53878e-09
6.67508e-10         1.60711e-09        -6.86089e-10
1.69489e-10        -3.72037e-09        -1.44627e-09
5.63068e-10          1.8811e-09        -1.28947e-10
7.82931e-10        -1.54384e-09         3.21341e-09
-1.2808e-09         8.74201e-10         3.32237e-09
3.30609e-09         4.08858e-09         3.65269e-10
1.68965e-09        -3.11855e-09        -3.37961e-09
2.72266e-09          2.7145e-09         1.31937e-09
-3.43109e-10        -3.40501e-10         2.33761e-09
1.11273e-09          3.1371e-09        -1.12645e-09
6.97301e-10        -8.65501e-10        -2.30477e-09
2.93773e-09        -7.97135e-10        -4.90782e-10
2.46961e-10        -2.08184e-10         8.81063e-10
-1.82159e-10        -1.98617e-09         1.29564e-09
-1.89171e-09        -7.38203e-11        -1.32593e-10
2.70891e-09        -2.96296e-09        -2.37773e-09
-1.37986e-09        -1.98498e-10         4.89874e-09
1.73553e-09         1.56764e-09        -8.87702e-10
-2.23279e-09        -1.20088e-09        -4.10698e-09
-1.35192e-09        -2.37996e-09        -1.53133e-09
-2.28429e-09         -1.5921e-09        -3.08919e-10
1.4546e-09         3.47667e-10         1.79864e-09
-1.25777e-09         1.22176e-09         1.36852e-09
1.53242e-09         3.48763e-09         -3.8051e-12
1.44911e-09         3.23188e-10        -1.40043e-09
-2.22906e-09        -4.75909e-10        -1.62313e-09
1.28968e-09         7.67067e-10         2.63462e-09
1.86256e-09         2.79225e-09        -5.53072e-10
5.20986e-10         -1.0835e-09        -6.09094e-10
-1.11947e-09        -1.67715e-09        -2.51742e-09
3.82336e-09         2.80122e-09         1.14763e-09
-1.61931e-09        -1.81527e-09         1.00487e-09
3.52714e-09         1.13644e-09         2.32227e-09
-5.71997e-10         -2.0489e-09        -3.64073e-09
5.12345e-09        -3.24451e-10         1.40528e-09
-1.22919e-09         1.82725e-09         2.20183e-10
2.67632e-09            -1.7e-09         1.61725e-09
-7.64556e-10        -1.20439e-09        -3.17467e-09
-1.04506e-09        -3.04062e-09         2.14807e-09
1.04732e-09         1.32791e-09        -1.33341e-09
3.83611e-09         1.73635e-10         4.40096e-09
-2.25241e-10        -1.27517e-09        -4.15297e-09
3.35292e-10         2.69951e-09         -1.3807e-09
1.87378e-09        -5.01069e-09        -4.46743e-10
-7.3086e-10        -6.23682e-10         2.08759e-09
2.11921e-09         1.78859e-09        -1.56131e-09
-6.06146e-11         1.15547e-09         4.53195e-10
1.32105e-09          5.4058e-10          -2.195e-09
-7.72114e-10         -6.9831e-10         4.19576e-09
1.42346e-09         9.83278e-10        -2.42712e-09
