0.0480805           0.0614693           0.0699458
0.0964777            0.120339            0.133499
0.143144            0.171169            0.181577
0.18616             0.20927            0.207236
0.223857            0.231166            0.206669
0.254914            0.234907            0.179723
0.278422            0.220213            0.129847
0.293919            0.188422           0.0635136
0.301387            0.142275          -0.0107782
0.301212           0.0855682          -0.0837407
0.294125            0.022716           -0.146577
0.281121          -0.0417033           -0.192104
0.263365            -0.10338           -0.215562
0.242101           -0.158627           -0.215029
0.218568           -0.204636           -0.191413
0.193924           -0.239605           -0.148071
0.169194           -0.262759          -0.0901555
0.14523           -0.274261          -0.0238152
0.122694           -0.275058           0.0446242
0.102055           -0.266667            0.109382
0.0836035            -0.25096            0.165767
0.0674691           -0.229945            0.210505
0.0536508           -0.205586            0.241845
0.0420461           -0.179663            0.259469
0.0324811           -0.153676            0.264259
0.0247379           -0.128799            0.257979
0.0185774           -0.105867            0.242928
0.0137579          -0.0854048            0.221613
0.0100489          -0.0676622            0.196473
0.00723983          -0.0526729             0.16968
0.00514552          -0.0403096            0.143013
0.00360794          -0.0303379            0.117808
0.00249607          -0.0224632           0.0949612
0.00170394          -0.0163684           0.0749752
0.00114786          -0.0117412           0.0580295
0.000763115         -0.00829269           0.0440601
0.000500705         -0.00576844           0.0328376
0.000324266         -0.00395266           0.0240355
0.000207282         -0.00266853            0.017286
0.000130797         -0.00177533             0.01222
8.14792e-05         -0.00116407          0.00849453
5.01048e-05         -0.00075239          0.00580823
3.04208e-05        -0.000479425          0.00390762
1.82378e-05        -0.000301216          0.00258737
1.07941e-05        -0.000186622          0.00168652
6.3091e-06        -0.000114029          0.00108244
3.64223e-06        -6.87245e-05         0.000684206
2.07477e-06        -4.08532e-05         0.000426015
1.16885e-06        -2.39609e-05         0.000261331
6.48189e-07        -1.38604e-05         0.000157967
3.54519e-07        -7.91265e-06         9.41017e-05
1.92776e-07        -4.45774e-06         5.52528e-05
1.05193e-07        -2.47681e-06         3.19855e-05
5.20803e-08         -1.3602e-06         1.82523e-05
2.73389e-08        -7.37459e-07         1.02704e-05
1.53063e-08        -3.93645e-07         5.70147e-06
7.64261e-09        -2.11258e-07         3.12185e-06
3.17128e-09        -1.09081e-07         1.68536e-06
1.59862e-09        -5.39294e-08         8.94977e-07
-6.03115e-10        -2.91292e-08         4.71838e-07
1.36264e-09         -1.3622e-08         2.47098e-07
6.56712e-10         -7.1031e-09         1.25367e-07
-7.1531e-10        -3.57649e-09         6.32722e-08
-2.35071e-10        -1.85261e-10         3.02675e-08
-3.2041e-09        -4.63193e-10         1.49095e-08
-5.37652e-10        -7.87021e-10         8.61269e-09
2.56335e-09        -5.95472e-10         2.28237e-09
2.91588e-09         -2.0863e-10         3.82494e-10
-3.88538e-09         2.66781e-09         9.69957e-10
5.65779e-10         1.78458e-09        -2.88427e-10
3.9626e-10         1.55641e-09        -1.62511e-09
3.6995e-10         2.50598e-09        -8.74399e-10
-1.08766e-10        -2.38371e-10         1.55567e-09
2.1761e-09          3.2914e-10         2.34764e-09
-1.62549e-09         2.37828e-09        -8.51208e-10
-1.17582e-10         2.32688e-09        -5.09621e-10
-9.78565e-10        -9.42298e-10         1.13849e-09
3.23036e-09         1.32113e-09        -1.09495e-10
-1.15585e-09        -1.55573e-09        -1.14869e-09
3.9004e-10         -1.1688e-09         8.57345e-10
-4.06371e-10         1.57599e-09        -2.64346e-09
-3.35789e-10         1.58518e-09           1.667e-10
3.79129e-10         7.13003e-10         2.88924e-09
4.21131e-10        -1.16072e-09        -1.02806e-10
-7.844e-10        -5.32484e-10         -2.2272e-09
-1.56769e-09        -8.31307e-10         2.03655e-09
-3.9573e-10         2.45863e-09         3.09888e-09
1.46447e-09         -1.5898e-09         9.87118e-10
8.39706e-10         2.01412e-09         4.57344e-10
-1.33375e-09         3.98875e-10         1.39107e-09
-1.45703e-09         6.01101e-11        -3.30228e-09
-9.35616e-10        -2.41619e-09         3.81939e-10
-1.1435e-09         3.13439e-09        -7.47039e-10
-2.38102e-09        -2.62212e-09         1.18732e-10
1.18097e-09         3.20766e-10        -3.47365e-09
1.82541e-09        -8.21562e-10         1.17931e-09
2.61506e-09         2.03283e-09         5.92392e-10
9.58015e-10         1.27804e-09         1.28798e-09
-4.50156e-10        -4.27797e-09        -4.90424e-10
-2.66906e-09         3.24787e-09         1.66989e-11
-3.03607e-09        -2.57113e-09        -3.47706e-09
-1.51151e-09         1.30051e-09        -1.66227e-09
-1.76693e-09        -9.12554e-10         1.04365e-09
1.03873e-09         8.76357e-10         1.28149e-09
2.54144e-09         4.23639e-10        -3.07489e-10
-7.77973e-10         3.18052e-09          4.2504e-10
1.63189e-09         4.46178e-10        -1.38239e-09
-1.23608e-09         2.06953e-09        -1.20915e-09
-1.03278e-09         9.58047e-10         5.51294e-10
-3.33225e-09         4.52647e-10        -2.22668e-09
-1.2625e-09          1.6606e-09           2.497e-09
-7.15287e-10         3.73879e-09        -1.40999e-09
-2.62985e-09        -1.59799e-09        -8.05885e-10
-2.378e-09        -2.37566e-09        -7.90193e-10
-3.09791e-09          6.1682e-09        -4.05046e-09
-3.76511e-09        -5.24872e-10        -1.04867e-10
-5.803e-10        -1.06201e-09        -1.19039e-09
2.96943e-09         1.45337e-09         1.70425e-09
-5.50205e-11        -2.75591e-09         2.20081e-09
-1.40093e-09          7.2421e-10        -1.33149e-09
5.79057e-10           3.701e-09          1.6288e-09
-4.82251e-10        -4.38707e-09         2.68906e-10
-8.5849e-10        -5.86623e-10        -4.28935e-10
1.35448e-09         1.08056e-09        -2.32124e-09
-2.57496e-09        -1.13735e-09        -2.62486e-09
-2.63789e-09        -7.07076e-10        -9.75679e-10
-3.69368e-10         3.81045e-10        -1.45738e-09
-1.68391e-10        -1.71925e-09        -3.05477e-10
2.00602e-09         3.23591e-09         -1.2751e-09
1.68643e-09        -3.62449e-09        -2.25612e-09
9.78374e-10        -1.65182e-09        -1.66754e-09
1.48489e-09         3.37985e-09         2.47449e-09
5.42631e-10        -1.28989e-09        -2.84508e-10
1.83189e-09         1.79539e-09        -3.22175e-09
5.04424e-10        -3.58469e-10         2.35498e-09
2.02754e-09         9.46391e-10        -9.27452e-10
2.61522e-10        -2.05255e-09         -5.3642e-10
-1.41338e-09        -3.93927e-09         2.78913e-09
-1.54197e-09         1.55152e-09         1.04915e-09
-5.03637e-09        -1.36088e-09        -1.81614e-09
-4.22196e-10         5.74871e-10        -8.05341e-11
-3.08555e-09         1.34716e-09        -2.84744e-10
-9.60215e-10         6.76899e-10        -9.45152e-10
2.28549e-09        -2.30192e-09         1.50631e-09
2.68915e-09         3.85603e-09         4.56026e-10
-7.33599e-11         2.26837e-11         8.42191e-10
-5.11166e-10        -8.44089e-12        -1.09568e-09
2.54171e-09        -1.47206e-09        -1.06535e-09
9.65922e-10         2.18401e-09        -8.62162e-10
-1.09238e-09         2.63931e-09        -4.23209e-10
-2.30945e-10        -4.30963e-09         2.34486e-10
8.57615e-10        -3.20869e-09         1.56541e-10
5.7162e-10         -4.2586e-10         2.37407e-10
-3.17e-10         3.47986e-09        -1.21012e-09
1.89779e-09         3.69379e-09         8.33943e-10
1.85506e-09         -2.4462e-09         2.86426e-10
-1.53486e-09        -3.69545e-10        -2.16709e-09
-5.69038e-10         1.98047e-09        -1.83982e-09
1.42881e-09         1.24971e-09        -8.00502e-10
2.32101e-10         3.98144e-09         2.81046e-10
-8.25956e-10         3.22714e-09         3.02324e-10
5.46793e-10        -1.57652e-09        -9.09264e-10
5.8965e-10        -2.14195e-09        -1.84169e-09
6.87541e-10        -1.71592e-10         2.08169e-10
4.39721e-10         1.40068e-09         5.47397e-10
-1.38685e-09         2.58099e-09         2.44257e-10
-3.5983e-10         5.24178e-10        -4.90921e-10
3.02492e-09        -1.18443e-09         2.16837e-10
3.53586e-09         1.14529e-10         6.71182e-10
9.41872e-10        -6.20823e-11        -5.17984e-10
-6.54763e-10        -8.68753e-10        -3.88411e-10
-6.03492e-10         1.82856e-09        -1.24908e-09
-7.66295e-10         3.06893e-09         1.98138e-09
-9.2692e-10        -1.12223e-09         9.07429e-10
-4.91207e-11        -4.80073e-09         2.35536e-10
-1.74958e-10        -3.56865e-09        -2.96337e-09
-1.08246e-09        -1.78596e-09        -1.24901e-09
-1.15578e-09        -1.34831e-09        -2.00589e-09
-2.86923e-10          2.0608e-10         1.04639e-09
5.8579e-10         2.17023e-09         2.77079e-09
-2.07557e-10         1.53455e-09         1.69481e-09
-3.88045e-10        -5.50181e-10         2.51031e-09
-7.32424e-10        -4.85789e-10        -1.83792e-10
8.2655e-11         1.05823e-09        -3.48793e-10
-1.73564e-09         1.53889e-09        -1.41475e-11
-1.00074e-09         3.52739e-10        -2.47343e-09
-1.8239e-09         -3.2452e-10         -1.7293e-09
4.50707e-10         5.56974e-10         9.05395e-11
1.92288e-10         1.03897e-09         7.63116e-10
1.50779e-09         4.00871e-10         1.75575e-09
2.59535e-09        -2.35048e-10         1.36343e-09
2.30544e-09         4.71942e-10         3.85485e-11
2.59293e-09         1.40229e-09         1.32779e-09
8.86981e-10         1.63743e-09         1.52263e-09
-2.69037e-10        -1.75072e-10         7.03421e-10
-1.05309e-10        -3.69437e-10         1.51175e-09
-4.71261e-10        -9.20717e-10         1.19657e-09
3.54482e-10         1.39298e-09        -2.60857e-10
1.79742e-09         1.14167e-09         2.37509e-10
3.30526e-10         1.71977e-09         1.11916e-09
