0.00142816         -0.00193908          0.00228237
0.00287326             -0.0039          0.00458906
0.0043345         -0.00588047          0.00691596
0.00581105         -0.00787818           0.0092589
0.00730208         -0.00989078           0.0116137
0.00880673          -0.0119159           0.0139761
0.0103242          -0.0139511           0.0163418
0.0118535           -0.015994           0.0187065
0.0133939          -0.0180422           0.0210659
0.0149443          -0.0200931           0.0234157
0.0165041          -0.0221444           0.0257517
0.0180722          -0.0241935           0.0280693
0.0196477          -0.0262381           0.0303645
0.0212297          -0.0282755            0.032633
0.0228173          -0.0303034           0.0348705
0.0244096          -0.0323192           0.0370728
0.0260056          -0.0343206           0.0392359
0.0276045           -0.036305           0.0413556
0.0292052          -0.0382701            0.043428
0.0308069          -0.0402134           0.0454492
0.0324086          -0.0421325           0.0474152
0.0340094           -0.044025           0.0493225
0.0356084          -0.0458887           0.0511673
0.0372046          -0.0477212            0.052946
0.0387971          -0.0495203           0.0546553
0.040385          -0.0512836           0.0562918
0.0419674          -0.0530091           0.0578524
0.0435434          -0.0546946           0.0593339
0.045112           -0.056338           0.0607335
0.0466724          -0.0579371           0.0620484
0.0482236          -0.0594901           0.0632759
0.0497649          -0.0609949           0.0644135
0.0512953          -0.0624497            0.065459
0.052814          -0.0638527           0.0664101
0.05432           -0.065202           0.0672649
0.0558127          -0.0664959           0.0680214
0.0572911          -0.0677329           0.0686782
0.0587545          -0.0689113           0.0692336
0.060202          -0.0700297           0.0696863
0.0616329          -0.0710865           0.0700353
0.0630464          -0.0720805           0.0702796
0.0644417          -0.0730103           0.0704184
0.0658181          -0.0738748           0.0704512
0.0671749          -0.0746728           0.0703775
0.0685113          -0.0754033           0.0701971
0.0698268          -0.0760652           0.0699101
0.0711205          -0.0766577           0.0695167
0.0723919            -0.07718            0.069017
0.0736403          -0.0776314           0.0684118
0.0748651          -0.0780112           0.0677017
0.0760658          -0.0783189           0.0668876
0.0772417          -0.0785539           0.0659707
0.0783923          -0.0787159           0.0649521
0.079517          -0.0788046           0.0638333
0.0806154          -0.0788197            0.062616
0.081687          -0.0787612            0.061302
0.0827312           -0.078629            0.059893
0.0837477           -0.078423           0.0583914
0.0847361          -0.0781435           0.0567993
0.0856958          -0.0777906           0.0551192
0.0866266          -0.0773646           0.0533536
0.0875282          -0.0768659           0.0515053
0.0884          -0.0762949           0.0495771
0.089242          -0.0756521           0.0475719
0.0900537          -0.0749382            0.045493
0.0908349          -0.0741538           0.0433435
0.0915854          -0.0732997           0.0411268
0.0923049          -0.0723768           0.0388463
0.0929933          -0.0713858           0.0365055
0.0936504          -0.0703279           0.0341083
0.0942761           -0.069204           0.0316582
0.0948701          -0.0680153           0.0291591
0.0954325          -0.0667629           0.0266149
0.0959632          -0.0654482           0.0240296
0.096462          -0.0640724           0.0214072
0.096929          -0.0626368           0.0187518
0.0973642           -0.061143           0.0160674
0.0977675          -0.0595924           0.0133583
0.0981391          -0.0579866           0.0106287
0.0984789          -0.0563271          0.00788278
0.098787          -0.0546156          0.00512474
0.0990636          -0.0528538          0.00235884
0.0993087          -0.0510434        -0.000410661
0.0995225          -0.0491862         -0.00317954
0.0997051           -0.047284         -0.00594356
0.0998568          -0.0453386         -0.00869853
0.0999778           -0.043352          -0.0114403
0.100068          -0.0413261          -0.0141646
0.100128          -0.0392628          -0.0168676
0.100158           -0.037164          -0.0195449
0.100158          -0.0350319          -0.0221928
0.100129          -0.0328683          -0.0248072
0.100071          -0.0306754          -0.0273843
0.0999833          -0.0284551          -0.0299203
0.0998675          -0.0262097          -0.0324115
0.0997234           -0.023941          -0.0348543
0.0995516          -0.0216513           -0.037245
0.0993523          -0.0193426          -0.0395803
0.099126          -0.0170169          -0.0418569
0.0988731          -0.0146765          -0.0440714
0.098594          -0.0123233          -0.0462209
0.0982892         -0.00995954          -0.0483022
0.097959         -0.00758719          -0.0503125
0.097604         -0.00520835           -0.052249
0.0972246         -0.00282507          -0.0541092
0.0968213        -0.000439401          -0.0558904
0.0963946          0.00194664          -0.0575903
0.095945          0.00433105          -0.0592067
0.095473          0.00671184          -0.0607374
0.0949791          0.00908705          -0.0621806
0.0944638           0.0114547          -0.0635344
0.0939277            0.013813          -0.0647971
0.0933713             0.01616          -0.0659672
0.0927951           0.0184938          -0.0670434
0.0921997           0.0208127          -0.0680244
0.0915856           0.0231148          -0.0689091
0.0909534           0.0253985          -0.0696966
0.0903037            0.027662          -0.0703862
0.0896369           0.0299036          -0.0709772
0.0889538           0.0321217           -0.071469
0.0882548           0.0343148          -0.0718615
0.0875405           0.0364813          -0.0721544
0.0868114           0.0386197          -0.0723476
0.0860682           0.0407285          -0.0724413
0.0853115           0.0428064          -0.0724358
0.0845417            0.044852          -0.0723313
0.0837594           0.0468641          -0.0721285
0.0829653           0.0488412          -0.0718279
0.0821599           0.0507823          -0.0714305
0.0813437           0.0526863          -0.0709371
0.0805173           0.0545519          -0.0703488
0.0796813           0.0563781          -0.0696668
0.0788362            0.058164          -0.0688923
0.0779826           0.0599086          -0.0680269
0.077121            0.061611          -0.0670719
0.076252           0.0632704          -0.0660292
0.075376           0.0648859          -0.0649005
0.0744937            0.066457          -0.0636875
0.0736055           0.0679828          -0.0623923
0.072712           0.0694628          -0.0610169
0.0718137           0.0708964          -0.0595635
0.0709111           0.0722831          -0.0580343
0.0700046           0.0736223          -0.0564316
0.0690949           0.0749138          -0.0547578
0.0681823           0.0761572          -0.0530153
0.0672674            0.077352          -0.0512067
0.0663505           0.0784982          -0.0493346
0.0654323           0.0795954          -0.0474016
0.0645131           0.0806436          -0.0454104
0.0635933           0.0816425          -0.0433638
0.0626735           0.0825922          -0.0412645
0.061754           0.0834927          -0.0391155
0.0608353           0.0843439          -0.0369194
0.0599177            0.085146          -0.0346793
0.0590017           0.0858991          -0.0323981
0.0580877           0.0866033          -0.0300786
0.057176           0.0872589          -0.0277239
0.056267           0.0878661          -0.0253368
0.0553611           0.0884252          -0.0229205
0.0544586           0.0889366          -0.0204777
0.0535598           0.0894006          -0.0180115
0.0526652           0.0898176          -0.0155249
0.0517749           0.0901881          -0.0130207
0.0508894           0.0905126           -0.010502
0.050009           0.0907915         -0.00797149
0.0491338           0.0910255         -0.00543221
0.0482643            0.091215         -0.00288696
0.0474006           0.0913608        -0.000338556
0.046543           0.0914634          0.00221021
0.0456919           0.0915235           0.0047566
0.0448474           0.0915418          0.00729791
0.0440097            0.091519          0.00983149
0.0431791           0.0914559           0.0123547
0.0423558           0.0913532           0.0148651
0.04154           0.0912116             0.01736
0.0407319           0.0910321           0.0198371
0.0399316           0.0908153            0.022294
0.0391395           0.0905622           0.0247284
0.0383555           0.0902736           0.0271379
0.0375798           0.0899503           0.0295204
0.0368127           0.0895933           0.0318739
0.0360543           0.0892034           0.0341961
0.0353046           0.0887815           0.0364853
0.0345638           0.0883286           0.0387393
0.033832           0.0878455           0.0409565
0.0331093           0.0873332            0.043135
0.0323958           0.0867925           0.0452732
0.0316915           0.0862246           0.0473695
0.0309967           0.0856301           0.0494223
0.0303113           0.0850103           0.0514303
0.0296353           0.0843658           0.0533919
0.0289689           0.0836978            0.055306
0.0283121           0.0830071           0.0571714
0.0276649           0.0822946           0.0589868
0.0270274           0.0815614           0.0607514
0.0263996           0.0808084            0.062464
0.0257815           0.0800364           0.0641239
0.0251731           0.0792464           0.0657301
0.0245744           0.0784393           0.0672821
0.0239855           0.0776161            0.068779
0.0234062           0.0767776           0.0702204
0.0228367           0.0759246           0.0716058
0.0222768           0.0750582           0.0729347
0.0217266           0.0741792           0.0742068
0.0211861           0.0732884           0.0754217
0.0206551           0.0723867           0.0765794
0.0201337            0.071475           0.0776797
0.0196218            0.070554           0.0787224
0.0191193           0.0696245           0.0797077
0.0186263           0.0686874           0.0806355
0.0181426           0.0677435            0.081506
0.0176683           0.0667935           0.0823194
0.0172031           0.0658382            0.083076
0.0167471           0.0648783           0.0837761
0.0163002           0.0639146             0.08442
0.0158623           0.0629477           0.0850082
0.0154333           0.0619783           0.0855412
0.0150132           0.0610072           0.0860195
0.0146018            0.060035           0.0864436
0.0141991           0.0590623           0.0868143
0.013805           0.0580898           0.0871321
0.0134194            0.057118           0.0873979
0.0130421           0.0561475           0.0876124
0.0126732            0.055179           0.0877763
0.0123125            0.054213           0.0878906
0.0119598             0.05325            0.087956
0.0116152           0.0522906           0.0879736
0.0112784           0.0513351           0.0879443
0.0109494           0.0503842            0.087869
0.0106281           0.0494383           0.0877487
0.0103144           0.0484978           0.0875844
0.0100081           0.0475632           0.0873773
0.00970913           0.0466349           0.0871283
0.00941742           0.0457133           0.0868385
0.00913284           0.0447987           0.0865092
0.00885526           0.0438915           0.0861413
0.00858457           0.0429921            0.085736
0.00832067           0.0421008           0.0852945
0.00806344           0.0412179           0.0848179
0.00781276           0.0403437           0.0843074
0.00756852           0.0394784           0.0837642
0.00733061           0.0386224           0.0831894
0.0070989           0.0377759           0.0825842
0.0068733           0.0369391           0.0819498
0.00665368           0.0361122           0.0812874
0.00643994           0.0352955           0.0805981
0.00623195           0.0344891           0.0798831
0.0060296           0.0336932           0.0791437
0.0058328           0.0329079            0.078381
0.00564141           0.0321334            0.077596
0.00545534           0.0313699           0.0767901
0.00527448           0.0306174           0.0759643
0.00509871            0.029876           0.0751197
0.00492792           0.0291459           0.0742576
0.00476202           0.0284271           0.0733789
0.00460089           0.0277197           0.0724848
0.00444442           0.0270238           0.0715763
0.00429253           0.0263393           0.0706546
0.00414509           0.0256664           0.0697206
0.00400202            0.025005           0.0687754
0.0038632           0.0243552             0.06782
0.00372855            0.023717           0.0668555
0.00359796           0.0230903           0.0658827
0.00347133           0.0224752           0.0649026
0.00334858           0.0218716           0.0639162
0.0032296           0.0212795           0.0629243
0.0031143           0.0206989           0.0619279
0.0030026           0.0201297           0.0609278
0.00289439           0.0195718           0.0599248
0.0027896           0.0190253           0.0589199
0.00268814             0.01849           0.0579137
0.00258991           0.0179658           0.0569071
0.00249484           0.0174527           0.0559008
0.00240284           0.0169506           0.0548956
0.00231383           0.0164594           0.0538921
0.00222773            0.015979            0.052891
0.00214447           0.0155092            0.051893
0.00206395           0.0150501           0.0508988
0.00198612           0.0146014           0.0499088
0.00191089           0.0141631           0.0489238
0.00183819           0.0137351           0.0479443
0.00176795           0.0133171           0.0469707
0.0017001           0.0129091           0.0460038
0.00163457            0.012511           0.0450438
0.0015713           0.0121226           0.0440913
0.00151021           0.0117439           0.0431468
0.00145125           0.0113745           0.0422107
0.00139435           0.0110145           0.0412833
0.00133945           0.0106636           0.0403651
0.00128649           0.0103218           0.0394564
0.00123542          0.00998882           0.0385575
0.00118616          0.00966461           0.0376688
0.00113867          0.00934898           0.0367906
0.0010929          0.00904179           0.0359231
0.00104879          0.00874289           0.0350666
0.00100628          0.00845213           0.0342213
0.000965334          0.00816936           0.0333875
0.000925893          0.00789443           0.0325653
0.000887911          0.00762719            0.031755
0.000851341           0.0073675           0.0309566
0.000816137          0.00711519           0.0301704
0.000782256          0.00687013           0.0293965
0.000749652          0.00663215           0.0286349
0.000718284          0.00640112           0.0278859
0.000688111          0.00617688           0.0271494
0.000659093          0.00595929           0.0264255
0.00063119          0.00574821           0.0257143
0.000604366          0.00554348           0.0250159
0.000578582          0.00534496           0.0243302
0.000553804          0.00515251           0.0236573
0.000529996          0.00496599           0.0229972
0.000507125          0.00478526           0.0223498
0.000485158          0.00461018           0.0217151
0.000464063          0.00444062           0.0210932
0.00044381          0.00427643           0.0204839
0.000424367          0.00411749           0.0198872
0.000405708          0.00396365           0.0193031
0.000387802           0.0038148           0.0187314
0.000370623          0.00367081           0.0181721
0.000354144          0.00353154           0.0176252
0.00033834          0.00339687           0.0170904
0.000323186          0.00326669           0.0165677
0.000308657          0.00314086           0.0160571
0.000294731          0.00301927           0.0155582
0.000281385           0.0029018           0.0150712
0.000268597          0.00278835           0.0145957
0.000256345          0.00267879           0.0141317
0.00024461          0.00257301           0.0136791
0.000233372          0.00247091           0.0132376
0.000222612          0.00237238           0.0128072
0.00021231          0.00227732           0.0123876
0.00020245          0.00218562           0.0119788
0.000193014          0.00209718           0.0115806
0.000183986           0.0020119           0.0111927
0.000175349           0.0019297           0.0108151
0.000167087          0.00185047           0.0104476
0.000159186          0.00177412           0.0100899
0.000151632          0.00170056          0.00974196
0.00014441          0.00162971          0.00940356
0.000137507          0.00156147          0.00907452
0.00013091          0.00149577          0.00875467
0.000124607          0.00143253          0.00844382
0.000118584          0.00137165          0.00814181
0.000112832          0.00131307          0.00784844
0.000107338          0.00125671          0.00756354
0.000102092          0.00120249          0.00728692
9.70829e-05          0.00115035           0.0070184
9.23014e-05          0.00110021          0.00675781
8.77376e-05            0.001052          0.00650497
8.33822e-05          0.00100565          0.00625968
7.92263e-05         0.000961106          0.00602178
7.52612e-05           0.0009183          0.00579109
7.14788e-05         0.000877168          0.00556743
6.78711e-05         0.000837652          0.00535062
6.44304e-05         0.000799694          0.00514049
6.11493e-05         0.000763236          0.00493686
5.80208e-05         0.000728222          0.00473957
5.50381e-05         0.000694601          0.00454843
5.21946e-05         0.000662318          0.00436329
4.94841e-05         0.000631324          0.00418397
4.69005e-05          0.00060157           0.0040103
4.4438e-05         0.000573006          0.00384213
4.2091e-05         0.000545588          0.00367929
3.98542e-05         0.000519269          0.00352162
3.77224e-05         0.000494006          0.00336895
3.56907e-05         0.000469756          0.00322114
3.37543e-05         0.000446478          0.00307803
3.19087e-05         0.000424132          0.00293945
3.01494e-05         0.000402678          0.00280527
2.84722e-05         0.000382078          0.00267532
2.68731e-05         0.000362297          0.00254947
2.53482e-05         0.000343297          0.00242757
2.38937e-05         0.000325045          0.00230946
2.2506e-05         0.000307505          0.00219501
2.11816e-05         0.000290646          0.00208407
1.99172e-05         0.000274436          0.00197651
1.87097e-05         0.000258842          0.00187219
1.75557e-05         0.000243836          0.00177097
1.64525e-05         0.000229387          0.00167272
1.53971e-05         0.000215466           0.0015773
1.43867e-05         0.000202046          0.00148458
1.34187e-05         0.000189098          0.00139442
1.24904e-05         0.000176597          0.00130671
1.15993e-05         0.000164516           0.0012213
1.0743e-05         0.000152829          0.00113807
9.9191e-06         0.000141511           0.0010569
9.12532e-06         0.000130538         0.000977659
8.35942e-06         0.000119885         0.000900215
7.61921e-06         0.000109528         0.000824447
6.90256e-06         9.94439e-05         0.000750228
6.20738e-06         8.96094e-05         0.000677434
5.53164e-06         8.00016e-05         0.000605939
4.87332e-06         7.05975e-05         0.000535618
4.23044e-06         6.13747e-05         0.000466344
3.60105e-06         5.23106e-05         0.000397991
2.98321e-06         4.33827e-05         0.000330432
2.37498e-06         3.45687e-05         0.000263538
1.77447e-06          2.5846e-05          0.00019718
1.17975e-06         1.71922e-05         0.000131227
5.88901e-07         8.58451e-06         6.55447e-05
