0.00588464         -0.00829201         -0.00996008
0.0120307          -0.0169129           -0.020267
0.0184106           -0.025782          -0.0307731
0.0249949          -0.0348147          -0.0413253
0.0317529          -0.0439237          -0.0517679
0.0386527          -0.0530198          -0.0619444
0.0456613          -0.0620128          -0.0717003
0.0527449          -0.0708126          -0.0808855
0.0598695          -0.0793303          -0.0893565
0.0670005           -0.087479          -0.0969789
0.0741034          -0.0951748           -0.103629
0.0811441           -0.102338           -0.109197
0.0880888           -0.108892           -0.113587
0.0949045           -0.114769            -0.11672
0.101559           -0.119905           -0.118534
0.108022           -0.124244           -0.118985
0.114263           -0.127737           -0.118049
0.120255           -0.130343           -0.115722
0.125971            -0.13203           -0.112019
0.131388           -0.132775           -0.106973
0.136483           -0.132563           -0.100637
0.141236           -0.131388          -0.0930834
0.145629           -0.129253          -0.0843984
0.149648            -0.12617          -0.0746855
0.153279           -0.122159          -0.0640618
0.156511            -0.11725          -0.0526563
0.159337           -0.111479          -0.0406085
0.161752           -0.104889          -0.0280656
0.163752          -0.0975307          -0.0151813
0.165336           -0.089461         -0.00211266
0.166507          -0.0807418           0.0109816
0.167268          -0.0714396           0.0239433
0.167626          -0.0616251           0.0366173
0.167588           -0.051372           0.0488533
0.167165          -0.0407564           0.0605078
0.166369          -0.0298559           0.0714461
0.165214          -0.0187487           0.0815438
0.163714         -0.00751324           0.0906884
0.161886          0.00377302           0.0987803
0.159748           0.0150341            0.105734
0.157319           0.0261962             0.11148
0.154618           0.0371884            0.115962
0.151665            0.047943            0.119141
0.148481           0.0583964            0.120995
0.145087           0.0684894            0.121515
0.141504           0.0781674            0.120711
0.137754           0.0873811            0.118605
0.133859           0.0960863            0.115234
0.129838            0.104245            0.110648
0.125714            0.111823            0.104911
0.121505            0.118795           0.0980963
0.117232            0.125138           0.0902873
0.112913            0.130837           0.0815762
0.108567            0.135882           0.0720617
0.10421            0.140267           0.0618485
0.0998606            0.143993            0.051045
0.0955325            0.147066           0.0397624
0.0912406            0.149494            0.028113
0.0869984            0.151292           0.0162088
0.082818            0.152478          0.00416051
0.0787108            0.153073         -0.00792408
0.074687            0.153102           -0.019941
0.0707556            0.152591           -0.031791
0.0669247            0.151571          -0.0433809
0.0632013            0.150073          -0.0546238
0.0595915            0.148131          -0.0654401
0.0561002            0.145778          -0.0757582
0.0527314             0.14305          -0.0855141
0.0494885            0.139982          -0.0946528
0.0463737            0.136611           -0.103127
0.0433885            0.132971             -0.1109
0.0405338            0.129098            -0.11794
0.0378096            0.125027           -0.124228
0.0352153             0.12079            -0.12975
0.0327498             0.11642           -0.134499
0.0304114            0.111948           -0.138479
0.0281979            0.107403           -0.141698
0.0261068            0.102813           -0.144171
0.024135           0.0982032           -0.145918
0.0222793           0.0935987           -0.146965
0.0205362           0.0890216           -0.147344
0.0189017            0.084492           -0.147087
0.017372           0.0800286           -0.146232
0.0159429           0.0756477            -0.14482
0.0146102           0.0713642           -0.142893
0.0133696           0.0671908           -0.140493
0.0122167           0.0631387           -0.137667
0.0111472            0.059217           -0.134457
0.0101568           0.0554336           -0.130911
0.00924117           0.0517945           -0.127071
0.00839612           0.0483046            -0.12298
0.00761751            0.044967           -0.118682
0.00690131           0.0417838           -0.114217
0.00624362            0.038756           -0.109623
0.00564065           0.0358834           -0.104936
0.00508873           0.0331648           -0.100192
0.00458438           0.0305984          -0.0954216
0.00412424           0.0281814           -0.090655
0.00370509           0.0259104          -0.0859189
0.0033239           0.0237816          -0.0812378
0.00297778           0.0217905          -0.0766336
0.00266399           0.0199323          -0.0721255
0.00237997            0.018202          -0.0677304
0.00212328           0.0165941          -0.0634629
0.00189166           0.0151031          -0.0593351
0.00168299           0.0137234           -0.055357
0.00149527           0.0124494          -0.0515366
0.00132667           0.0112752          -0.0478799
0.00117546           0.0101952          -0.0443912
0.00104006          0.00920373          -0.0410732
0.000918992          0.00829539          -0.0379268
0.000810912          0.00746476          -0.0349521
0.000714571          0.00670662          -0.0321474
0.000628813          0.00601596          -0.0295104
0.000552596          0.00538794          -0.0270376
0.000484958          0.00481791          -0.0247249
0.000425022          0.00430147          -0.0225674
0.000371992          0.00383442          -0.0205596
0.000325136          0.00341279          -0.0186958
0.000283799          0.00303284          -0.0169697
0.000247379          0.00269106           -0.015375
0.000215344          0.00238414          -0.0139049
0.000187211            0.002109          -0.0125528
0.000162529          0.00186278          -0.0113121
0.000140911          0.00164282          -0.0101759
0.000122005          0.00144665         -0.00913783
0.000105498          0.00127198         -0.00819133
9.11014e-05          0.00111673         -0.00733014
7.85578e-05         0.000978963         -0.00654821
6.76597e-05         0.000856915         -0.00583968
5.81931e-05         0.000748969         -0.00519896
4.99794e-05         0.000653648         -0.00462071
4.28728e-05         0.000569616         -0.00409987
3.67308e-05         0.000495657         -0.00363166
3.14195e-05          0.00043067         -0.00321156
2.68399e-05         0.000373654         -0.00283536
2.29049e-05         0.000323713         -0.00249911
1.95169e-05         0.000280037         -0.00219912
1.66068e-05         0.000241901         -0.00193199
1.41148e-05         0.000208655         -0.00169455
1.19807e-05         0.000179721         -0.00148389
1.01536e-05         0.000154577         -0.00129733
8.59305e-06         0.000132754          -0.0011324
7.26724e-06         0.000113853        -0.000986868
6.13574e-06         9.74988e-05         -0.00085867
5.1687e-06         8.33771e-05        -0.000745945
4.35353e-06          7.1195e-05        -0.000646994
3.66468e-06           6.071e-05        -0.000560288
3.07763e-06         5.16945e-05         -0.00048444
2.57772e-06         4.39548e-05        -0.000418206
2.16349e-06         3.73222e-05         -0.00036047
1.80787e-06         3.16455e-05        -0.000310221
1.50715e-06         2.67901e-05         -0.00026657
1.2618e-06         2.26492e-05        -0.000228705
1.05089e-06          1.9124e-05        -0.000195914
8.70477e-07         1.61259e-05         -0.00016757
7.23928e-07          1.3577e-05        -0.000143108
6.03622e-07         1.14142e-05        -0.000122033
5.00707e-07         9.58232e-06        -0.000103903
4.10631e-07         8.03358e-06        -8.83342e-05
3.41503e-07         6.72597e-06        -7.49815e-05
2.84786e-07         5.62333e-06        -6.35521e-05
2.30843e-07         4.69643e-06        -5.37846e-05
1.94685e-07          3.9129e-06        -4.54503e-05
1.58619e-07         3.26145e-06        -3.83546e-05
1.29627e-07          2.7109e-06        -3.23147e-05
1.05129e-07         2.24919e-06        -2.71851e-05
8.72954e-08         1.86692e-06        -2.28368e-05
7.44191e-08         1.54429e-06        -1.91546e-05
5.84961e-08          1.2791e-06        -1.60427e-05
4.8303e-08         1.05666e-06        -1.34157e-05
4.0013e-08         8.71248e-07        -1.12069e-05
3.01377e-08         7.14943e-07        -9.34454e-06
2.69547e-08          5.8848e-07        -7.78032e-06
2.13649e-08         4.83088e-07         -6.4671e-06
1.32413e-08         3.98023e-07        -5.36945e-06
1.22745e-08         3.24717e-07        -4.45109e-06
8.71036e-09          2.6458e-07        -3.68515e-06
8.29678e-09         2.16799e-07         -3.0494e-06
6.7962e-09         1.72484e-07         -2.5155e-06
6.25879e-09         1.43793e-07        -2.07184e-06
2.0987e-09         1.17643e-07        -1.70497e-06
3.29573e-09         9.35572e-08        -1.40369e-06
4.29016e-09         7.57555e-08         -1.1509e-06
5.71776e-09         6.04366e-08        -9.44177e-07
5.04488e-11         5.02002e-08        -7.71585e-07
-1.21136e-09         4.16672e-08        -6.29639e-07
5.77983e-09         3.40596e-08        -5.13243e-07
2.36181e-09         2.86927e-08        -4.16406e-07
1.77297e-10         2.00209e-08        -3.39606e-07
1.93506e-09         1.81743e-08        -2.72871e-07
1.84295e-09         1.49463e-08        -2.20337e-07
-1.16001e-09         1.13219e-08        -1.77269e-07
2.636e-09         8.82346e-09        -1.41044e-07
3.2816e-09         6.60914e-09        -1.10484e-07
-1.16463e-09         6.37239e-09        -8.38458e-08
-1.25676e-09         2.29554e-09        -6.35157e-08
4.87583e-10         4.41244e-09        -4.48411e-08
-1.562e-09         1.44599e-09        -3.13725e-08
3.47719e-10        -4.74908e-10        -1.44149e-08
