0.0168535          -0.0216341           0.0247166
0.0339447          -0.0433083           0.0491739
0.0510916          -0.0645228           0.0725023
0.0681116          -0.0847867           0.0938677
0.0848254            -0.10363            0.112502
0.101059           -0.120618            0.127734
0.116648           -0.135358            0.139008
0.131437           -0.147512             0.14591
0.145287           -0.156803            0.148181
0.158071           -0.163023             0.14572
0.169681           -0.166035            0.138594
0.180027           -0.165777            0.127026
0.189039           -0.162258            0.111393
0.196665           -0.155562           0.0922036
0.202875           -0.145839           0.0700824
0.207657           -0.133303           0.0457443
0.211019           -0.118222           0.0199682
0.212986           -0.100912         -0.00643094
0.213601          -0.0817235          -0.0326311
0.212921          -0.0610389          -0.0578309
0.211018          -0.0392556          -0.0812761
0.207974          -0.0167792           -0.102283
0.203882           0.0059874           -0.120259
0.198842           0.0286528           -0.134718
0.19296           0.0508457           -0.145293
0.186345           0.0722225           -0.151743
0.179107           0.0924733           -0.153953
0.171358            0.111327           -0.151938
0.163206            0.128554           -0.145828
0.154756            0.143972           -0.135865
0.146107            0.157441           -0.122387
0.137355            0.168869           -0.105812
0.128585            0.178208          -0.0866209
0.119879             0.18545          -0.0653423
0.111308            0.190628          -0.0425299
0.102934            0.193809           -0.018747
0.094812             0.19509          0.00545105
0.086988            0.194594           0.0295322
0.0794996            0.192464           0.0530009
0.0723762            0.188859           0.0754095
0.0656399            0.183951           0.0963666
0.0593055            0.177915            0.115544
0.0533816             0.17093            0.132679
0.0478705            0.163174            0.147577
0.0427698            0.154816             0.16011
0.0380724            0.146022            0.170216
0.0337673            0.136943            0.177889
0.0298405             0.12772            0.183179
0.0262753             0.11848            0.186184
0.0230531            0.109336            0.187041
0.020154            0.100383            0.185918
0.0175569           0.0917055             0.18301
0.0152405             0.08337            0.178525
0.0131832           0.0754304            0.172685
0.0113636           0.0679271            0.165713
0.00976106           0.0608885            0.157829
0.00835537           0.0543319            0.149246
0.00712735            0.048265            0.140166
0.00605885           0.0426869            0.130776
0.00513282           0.0375896            0.121245
0.00433343           0.0329591            0.111724
0.00364603           0.0287766            0.102341
0.00305722           0.0250196           0.0932095
0.00255479            0.021663           0.0844188
0.0021277           0.0186797           0.0760411
0.00176602           0.0160418            0.068131
0.00146088            0.013721           0.0607264
0.0012044           0.0116891            0.053851
0.000989613          0.00991866           0.0475155
0.000810409           0.0083833           0.0417198
0.000661447          0.00705798           0.0364544
0.000538058          0.00591917           0.0317024
0.000436232          0.00494502           0.0274411
0.000352507          0.00411541           0.0236431
0.000283901          0.00341197           0.0202782
0.000227892          0.00281809           0.0173141
0.000182335          0.00231884           0.0147178
0.000145398          0.00190092            0.012456
0.000115565          0.00155253           0.0104961
9.15474e-05          0.00126331          0.00880663
7.22862e-05          0.00102418          0.00735773
5.68876e-05         0.000827282          0.00612135
4.46248e-05         0.000665804           0.0050715
3.48977e-05         0.000533896          0.00418433
2.71931e-05         0.000426576          0.00343822
2.11233e-05         0.000339603          0.00281365
1.63569e-05         0.000269391          0.00229325
1.26167e-05         0.000212938          0.00186161
9.71296e-06         0.000167709           0.0015052
7.44072e-06         0.000131622          0.00121222
5.69004e-06         0.000102934         0.000972428
4.33516e-06         8.02113e-05         0.000777031
3.29051e-06         6.22928e-05         0.000618481
2.49298e-06         4.82055e-05         0.000490389
1.87735e-06         3.71717e-05         0.000387331
1.41554e-06          2.8565e-05         0.000304764
1.06007e-06          2.1874e-05         0.000238892
7.88903e-07         1.66911e-05         0.000186545
5.89438e-07          1.2697e-05         0.000145122
4.33165e-07          9.6214e-06         0.000112476
3.25906e-07         7.26408e-06          8.6849e-05
2.40189e-07         5.46846e-06         6.68126e-05
1.72873e-07         4.10195e-06         5.12083e-05
1.3067e-07         3.06831e-06         3.91055e-05
9.75677e-08         2.28526e-06         2.97534e-05
7.00045e-08         1.69699e-06         2.25554e-05
4.83306e-08         1.25658e-06         1.70363e-05
3.5997e-08         9.24944e-07         1.28182e-05
2.272e-08          6.8146e-07         9.61184e-06
1.85459e-08         4.97117e-07         7.17993e-06
1.13823e-08         3.65076e-07         5.34436e-06
9.87575e-09         2.65598e-07         3.96509e-06
7.26144e-09         1.91402e-07         2.93356e-06
5.21527e-09         1.39103e-07         2.16023e-06
3.74925e-09         1.01483e-07         1.58419e-06
8.66338e-10         7.00501e-08          1.1614e-06
3.30625e-09         5.19224e-08         8.43024e-07
4.8646e-09         3.60544e-08         6.13984e-07
9.78341e-10         2.58337e-08         4.45263e-07
-8.3372e-11         1.77171e-08         3.19857e-07
-9.96669e-10         1.45839e-08         2.30175e-07
-1.14151e-10         7.43843e-09          1.6452e-07
1.45235e-09         8.02359e-09         1.18713e-07
-4.04667e-10         2.92246e-09         8.00131e-08
-3.46148e-09         4.83982e-09         5.72993e-08
1.39144e-09         4.67268e-10         3.96817e-08
-3.05608e-09         2.41847e-09         3.02495e-08
8.83617e-10         2.02703e-11         2.10431e-08
-1.21423e-09         3.49486e-09         1.53019e-08
1.96183e-09        -3.84006e-10         1.06626e-08
4.20189e-09         1.72369e-09         7.46371e-09
2.21738e-09         9.89755e-10         6.98369e-09
-2.88327e-10        -2.35691e-09         2.14766e-09
-6.71815e-10        -6.51238e-10         3.16912e-09
-2.35036e-09         9.26413e-10         1.90517e-09
1.13219e-09         1.85242e-09        -3.66509e-10
-9.4022e-10        -1.18878e-10         9.33237e-10
-4.14206e-09        -3.02897e-09        -4.76222e-10
3.84809e-09        -4.71384e-10         1.00912e-09
-5.01354e-09        -2.38957e-09        -1.82889e-09
7.55313e-10         2.02064e-09        -9.40626e-10
2.37942e-09         8.45834e-11        -1.74723e-09
-2.96904e-10        -7.69247e-10        -9.70644e-10
-5.49645e-10         5.63743e-10         1.19323e-09
2.14714e-09          5.5132e-10        -1.34724e-10
-1.84708e-10        -9.52566e-10         3.38657e-09
8.82869e-10         6.13188e-10         2.51743e-10
-1.44116e-09         1.02366e-09         9.81306e-10
2.16111e-09         9.38493e-10         1.08697e-09
-1.67551e-09        -1.88103e-09         4.58948e-10
-2.94577e-09         6.97026e-10        -3.50384e-10
4.17609e-09         2.04956e-09         8.36156e-10
8.26174e-10         2.18809e-09         7.05221e-10
-1.92806e-09         3.15979e-09        -1.42677e-09
-1.06161e-09         9.41676e-11         1.07566e-09
-3.03738e-09         1.92884e-09        -9.19801e-10
-1.1945e-09        -1.33967e-09        -1.48168e-09
2.1747e-09         1.90598e-09        -1.69785e-09
6.24206e-10         -1.2694e-09         1.20509e-09
-8.07675e-10        -1.74235e-10        -1.79876e-09
-1.86069e-09        -2.19639e-10        -4.45491e-10
3.23084e-09         1.06372e-09         4.94792e-10
1.01355e-09         2.03312e-09          2.1284e-10
5.82236e-10         1.58618e-09         9.73007e-10
-2.2569e-10         1.67015e-10         3.17444e-09
1.16077e-10         2.41482e-09         1.15651e-09
9.52384e-10        -1.76999e-09         1.39773e-09
-8.17471e-10         1.29996e-09        -2.41672e-09
-1.45004e-09        -1.05067e-10         1.64214e-10
-8.00332e-10         1.53007e-10          1.6228e-09
1.22928e-09         -2.2301e-09         2.06112e-09
4.31882e-11         1.69126e-09        -2.79726e-09
2.98554e-09        -3.59077e-09          1.8702e-09
-3.42286e-10         5.58181e-09         1.98953e-09
1.13648e-09        -4.10939e-09        -6.62647e-10
2.30632e-09         4.68191e-09        -3.26643e-09
3.25113e-09        -2.29077e-09         1.29102e-09
-4.05672e-10         2.39312e-09        -3.41781e-09
-1.82452e-09        -1.87312e-09        -3.50945e-10
-1.04683e-09          7.6466e-10        -7.12019e-10
1.94699e-09        -9.06132e-10         9.05168e-10
-2.90719e-09         1.68032e-09         -1.6302e-09
8.54254e-10        -3.39391e-09         5.77117e-11
1.42509e-09        -5.95267e-10         1.37384e-09
-9.68452e-12          2.2776e-09        -3.85113e-09
-1.68442e-09          5.6693e-10         2.10757e-09
1.41588e-09         1.11956e-09        -2.57474e-09
-2.89454e-09         1.35631e-09        -2.67219e-09
2.85968e-09        -1.11354e-09        -1.11099e-09
2.13191e-10        -3.99058e-10        -1.84022e-09
2.98023e-10          5.7195e-10        -4.32451e-10
-9.21877e-10        -2.34438e-09         1.38484e-09
-2.04036e-09         1.59695e-09        -1.28295e-09
-1.04553e-09        -3.95818e-09        -1.80271e-11
-5.14568e-10         1.88217e-09        -1.92792e-09
-4.17965e-09        -2.60757e-09         7.42587e-11
2.96791e-09         1.87253e-09        -1.51253e-09
-1.42902e-09         1.17759e-09          -2.107e-09
-1.81124e-09         4.56381e-10        -5.82649e-10
-2.97759e-09         1.80639e-09         1.51288e-09
4.29947e-10        -1.79602e-09        -1.52179e-09
-1.68442e-09         1.96601e-09          5.1929e-10
5.4726e-09        -1.82176e-10        -4.36826e-10
8.91736e-10         3.28371e-09         3.74871e-09
6.83851e-10        -6.22579e-10         6.30295e-10
-9.8391e-10        -1.17461e-09        -2.26671e-09
-7.71328e-10        -2.46363e-09         3.23118e-09
-1.38598e-09        -3.46142e-09        -3.79809e-09
-1.95685e-09         1.21702e-09         1.64001e-10
-9.57125e-10         1.33022e-10        -2.03725e-10
3.06973e-10           8.967e-10         1.27041e-09
-2.58165e-09        -8.88119e-10        -7.95376e-11
-8.69311e-10         2.48552e-10         -1.3344e-09
1.28361e-09        -6.63411e-11         -3.1675e-11
-2.49684e-10         6.00068e-10         3.28197e-09
-1.33495e-09         8.17246e-10         5.02905e-10
-1.98615e-09        -9.03653e-10         4.54144e-10
6.70283e-09         7.67751e-10        -6.87211e-10
-4.41619e-09         2.04377e-10         3.62861e-10
2.74858e-09         1.38034e-10         1.03474e-09
3.62161e-09        -2.14105e-09        -1.91107e-09
-2.8432e-09        -2.66216e-09        -3.50191e-09
3.61808e-09        -1.18878e-09         2.20712e-09
-2.09182e-09         2.28489e-09        -1.07713e-09
3.78966e-09        -6.80958e-10         2.38005e-09
-2.49786e-09        -2.15677e-09        -2.57335e-09
-2.87137e-09         1.88134e-09         1.67014e-09
2.69853e-10         1.27989e-09         3.47867e-09
-2.37226e-09         5.09238e-10        -2.45642e-10
-4.68222e-10         2.01526e-09         6.42125e-11
-4.17131e-09        -6.27661e-10         -4.6358e-10
2.3833e-10        -9.81462e-10        -3.75447e-11
-1.29412e-09         1.59751e-10         1.44484e-10
-4.93066e-09         1.62427e-09        -2.80409e-09
1.93757e-09        -5.09271e-10          2.3842e-09
-3.88824e-09        -4.97901e-10        -2.03288e-09
-2.45405e-09        -9.81392e-10        -1.10318e-09
1.57163e-10        -5.57587e-09         -2.8887e-09
-3.38029e-09         1.27908e-09         2.77247e-09
4.31102e-10        -2.55827e-09        -1.14282e-09
1.1535e-09          1.3617e-09         9.44035e-11
-3.02272e-09        -2.31616e-09         4.60486e-09
5.83211e-09        -9.86662e-10         5.52284e-10
-2.48722e-09        -1.55971e-09         6.50652e-10
-2.85945e-09         -4.0069e-09        -2.51321e-09
-1.04174e-09          1.1358e-10         2.02312e-09
7.5095e-11        -8.40897e-10         1.26058e-09
-6.97196e-10        -8.46857e-10        -2.64177e-09
-1.41213e-09         2.72386e-09         1.63813e-09
1.94e-09         8.25197e-10        -2.95068e-09
1.53404e-10         -1.3799e-10        -9.86074e-10
-1.95271e-09         1.14358e-09         4.58423e-10
4.61583e-09        -3.67825e-09         1.28483e-10
-3.58619e-09         1.08133e-09        -2.19169e-09
1.95665e-09         8.61422e-10        -3.08554e-10
-3.15358e-09         8.29666e-10        -7.41959e-10
-2.28036e-09        -3.03654e-09         1.33338e-10
1.44787e-09         5.69674e-10        -2.54623e-09
4.31356e-09        -1.22915e-09         3.33403e-09
-1.42336e-09        -2.98333e-09         2.09383e-09
-7.33556e-10         4.98697e-09         -5.7967e-10
2.76189e-09        -2.31005e-09         3.32032e-10
-1.96418e-09         1.30632e-09         1.06826e-09
-1.86801e-09         2.12823e-10         3.04292e-09
-1.09332e-09        -1.17182e-09         1.63068e-09
5.10898e-10        -2.36386e-09        -3.63709e-10
-1.02298e-09         4.86644e-10         2.15238e-09
2.2753e-09        -1.07192e-09         2.25322e-09
-1.26916e-09        -1.03099e-11         1.69543e-09
5.87213e-10          7.4133e-11         1.57109e-09
-2.61539e-09         2.30888e-09        -3.19883e-09
2.75257e-10         -2.0825e-09          3.1641e-09
-2.10857e-09         1.68434e-09         4.88094e-10
4.41643e-09        -1.19727e-09         -1.4012e-09
1.14358e-09         1.68202e-09         7.95428e-11
-1.75132e-09        -2.19075e-09         6.06387e-10
4.53574e-09         3.06828e-09          1.8128e-09
-1.12104e-09         4.64004e-10         -3.0409e-10
-9.50063e-10         8.25998e-10        -3.59938e-10
1.9832e-09         2.23042e-10         3.35497e-10
-3.60547e-09        -1.50933e-09         8.53661e-11
-1.42182e-09         1.97149e-10          2.6716e-09
-1.03193e-09         3.57753e-10        -5.07782e-10
-6.30482e-10         1.99047e-09        -5.98198e-10
3.26394e-09        -2.15609e-09          1.3755e-09
-4.85453e-10         4.43254e-10         -1.7406e-09
1.23995e-09        -2.06954e-10         9.54743e-10
-1.13816e-09        -2.60266e-09          1.1535e-09
1.23576e-09         2.51607e-09         -1.0014e-09
9.79979e-11         2.24489e-11         3.49501e-09
-1.41875e-09        -9.79888e-10        -2.46663e-09
1.78653e-09         3.57245e-09        -1.02527e-09
1.13917e-11         8.11744e-10        -2.91335e-09
-5.08954e-09         1.11397e-09        -1.69218e-09
-9.0425e-10         9.56404e-10         2.29688e-09
1.13525e-10        -8.31339e-10        -1.99624e-09
-6.43121e-10        -1.86378e-09          2.2506e-10
1.36103e-09        -1.76976e-09        -1.05773e-10
-2.16018e-09         9.69019e-10         2.35986e-10
-1.60635e-09         1.12684e-09        -1.46034e-09
-1.89963e-09         2.20534e-09         7.55314e-11
-2.9874e-09        -9.97157e-10        -5.72397e-10
3.36842e-09        -1.90824e-09        -2.46165e-09
1.42587e-09          2.3169e-09        -3.51914e-11
9.50939e-10        -5.72207e-10          2.1324e-09
2.69477e-09        -1.29711e-09        -4.93914e-10
6.50346e-10         5.19641e-10        -2.09093e-10
1.87914e-09        -8.36125e-11         -2.0851e-09
5.85472e-10        -7.69527e-10        -1.64014e-10
1.66727e-09         4.44473e-10         3.49537e-10
4.39178e-10         1.41665e-09        -1.26815e-09
-1.12088e-09        -1.91095e-09        -1.29068e-09
3.0885e-09        -8.50505e-10          4.0567e-09
1.77623e-09        -5.55673e-10         5.86134e-10
2.87936e-09          -4.088e-10        -1.37521e-09
2.72896e-09         2.60944e-10         -9.7068e-10
2.57655e-09         -6.1881e-10        -2.37413e-09
-1.2279e-09         1.09348e-09         2.01951e-09
-4.17469e-10         1.51776e-09        -1.95394e-09
6.54534e-10        -6.52126e-10        -1.43624e-09
1.4157e-09         2.89674e-09         9.73337e-10
1.91697e-09         1.20089e-09         1.55817e-09
-1.84923e-09        -3.27112e-09         1.99121e-09
-2.32935e-09         9.25324e-10        -1.52033e-10
-1.12191e-09        -2.05725e-09        -1.13143e-09
-2.6825e-09         -1.2579e-09         1.02759e-09
2.92325e-09         1.94462e-09        -6.92601e-10
-1.03348e-09         6.54428e-10         7.99284e-10
3.30771e-10        -1.07404e-10         4.69871e-09
1.80592e-09         5.72404e-11        -3.37293e-09
2.09551e-09         2.47559e-10         3.22361e-09
-1.44953e-09         2.06532e-09         3.24785e-10
4.0688e-09        -1.83041e-09        -2.32487e-09
2.06261e-09         7.28488e-10          1.0091e-09
3.41932e-09        -2.20588e-09        -8.41246e-10
-1.10467e-09        -3.76495e-10        -1.55782e-09
1.72175e-09         -1.3047e-09        -4.13892e-11
-3.04872e-09        -3.74325e-10         1.67895e-10
1.03931e-09         1.30386e-09        -3.15673e-09
-1.19204e-09         1.33038e-09        -9.14745e-10
-1.28078e-09        -2.12353e-09        -3.28602e-10
-2.09016e-10          3.6931e-09        -7.90425e-10
1.17021e-09        -1.52571e-09         2.81751e-09
-1.37138e-09        -2.72607e-10        -5.07298e-10
-2.69155e-09        -8.52581e-10         -1.6706e-09
8.22791e-10        -2.19193e-09        -9.92972e-11
-2.74301e-09         1.46144e-09         8.97425e-10
2.39511e-09        -7.66379e-10        -1.95246e-09
1.3966e-09        -1.11839e-09         9.63365e-10
-1.73309e-09         2.52576e-09        -1.66324e-09
-5.32948e-10        -1.95222e-09        -2.54266e-10
1.00916e-09        -2.15442e-09           1.886e-09
8.03603e-10           3.894e-09        -1.46831e-09
-6.27414e-10          1.9456e-09         9.51473e-10
4.95363e-10         2.22608e-09         1.06976e-09
-1.36221e-09         6.98755e-10        -3.42611e-09
2.65068e-09         7.85035e-10         1.09886e-09
1.12414e-09          7.5195e-12         5.16822e-10
-1.14153e-10        -3.64134e-09        -2.14909e-09
1.39906e-10         1.88343e-09         2.94294e-09
-2.31338e-09        -2.57858e-10        -1.06395e-09
1.59258e-09        -2.28506e-09        -7.99176e-10
1.95434e-09        -1.27673e-09        -1.91612e-10
1.9227e-09         -6.1315e-10        -6.42839e-11
-1.32812e-09         4.47488e-10         1.09616e-10
7.33833e-10        -1.19353e-09         6.55949e-10
-2.50093e-10         1.38951e-09        -3.95677e-10
-4.32857e-09         4.31803e-10        -6.07496e-10
-9.47458e-10         1.47159e-09         1.62371e-09
-1.14821e-09        -4.24284e-10         9.95352e-10
7.01229e-11         3.92155e-10         2.97077e-10
4.24752e-10         3.93516e-09        -1.36363e-09
1.89604e-09          9.5142e-10         1.28306e-09
3.23531e-09         1.91716e-10          1.2952e-09
-7.94932e-10         1.56857e-09         1.90754e-10
-2.79937e-10         3.42006e-09        -3.56601e-09
6.37861e-10        -4.58226e-10        -5.70431e-10
2.43066e-09        -1.79089e-09         2.04709e-09
1.26326e-09         3.18387e-09          1.5437e-09
-1.69694e-09         2.42513e-09         2.27308e-09
2.68783e-09         7.63326e-10        -1.20096e-09
-3.9173e-10        -3.14415e-10        -2.38244e-09
-3.28821e-09         1.22793e-10        -1.55059e-09
2.18037e-09         2.17959e-09         1.37134e-09
1.62415e-09        -2.16797e-09          -2.839e-09
-1.7654e-09        -2.53815e-09          2.3922e-09
-9.40694e-10         2.41202e-09        -1.65713e-09
1.93729e-09         2.05232e-09         2.24462e-10
1.29227e-09        -3.96248e-10        -3.85901e-09
1.10727e-09         -1.5886e-09         2.47228e-09
1.04061e-09        -1.06987e-09        -1.69439e-09
-3.11777e-09         2.42494e-10         3.96116e-09
2.10875e-12        -9.72547e-10        -2.51417e-09
1.43045e-09        -1.96311e-09         1.60363e-09
-3.59174e-09         1.60406e-09        -1.01894e-09
1.30486e-09         2.60873e-09         4.38119e-09
1.69288e-09        -2.76031e-09         -7.6771e-09
-4.64465e-09         9.06535e-10         3.11568e-09
-2.06842e-10         4.42306e-09         -1.8316e-09
4.66747e-09        -3.05938e-09        -2.07021e-09
