      2.0000000     -1.7455105     0.72955544     0.91129713     0.38915299     0.91129713
      2.0100000     -1.7382913     0.75788201     0.90803606     0.41855497     0.90803606
      2.0200000     -1.7306703     0.76700809     0.90435205     0.45640650     0.90435205
      2.0300000     -1.7228656     0.79861693     0.90068653     0.50061558     0.90068653
      2.0400000     -1.7151701     0.81247264     0.89695340     0.53588438     0.89695340
      2.0500000     -1.7066424     0.83478909     0.89265789     0.58849087     0.89265789
      2.0600000     -1.6985874     0.85161668     0.88863599     0.62828557     0.88863599
      2.0700000     -1.6896311     0.88814185     0.88391172     0.69484003     0.88391172
      2.0800000     -1.6809893     0.91007780     0.87932809     0.76663504     0.87932809
      2.0900000     -1.6715676     0.93762372     0.87418046     0.83901898     0.87418046
      2.1000000     -1.6620591     0.96009596     0.86886598     0.92447266     0.86886598
      2.1100000     -1.6527668      1.0016163     0.86345483      1.0523153     0.86345483
      2.1200000     -1.6425060      1.0402204     0.85724335      1.1892647     0.85724335
      2.1300000     -1.6319314      1.0743021     0.85039901      1.4079096     0.85039901
      2.1400000     -1.6212654      1.1000611     0.84390185      1.4769170     0.84390185
      2.1500000     -1.6099592      1.1471272     0.83583687      1.8202918     0.83583687
      2.1600000     -1.5981094      1.1976885     0.82763120      2.1361201     0.82763120
      2.1700000     -1.5855630      1.2470929     0.81773973      2.5260538     0.81773973
      2.1800000     -1.5731620      1.2975202     0.80784398      3.1743781     0.80784398
      2.1900000     -1.5605514      1.3520303     0.79776561      3.5603628     0.79776561
      2.2000000     -1.5470766      1.4130628     0.78660689      4.0972315     0.78660689
      2.2100000     -1.5327392      1.4767269     0.77230946      5.5930646     0.77230946
      2.2200000     -1.5168345      1.5993637     0.75416227      7.9010086     0.75416227
      2.2300000     -1.4992405      1.7584084     0.72949022      17.408528     0.72949022
      2.2400000     -1.4813244      1.9768354     0.69788616      37.195826     0.69788616
      2.2500000     -1.4632498      2.0649246     0.67229238      40.848442     0.67229427
      2.2600000     -1.4425409      2.1860393     0.57522683      45.842815     0.63484540
      2.2700000     -1.4179568      2.5126498    0.028162936      137.80467     0.54574870
      2.2800000     -1.3970778      2.3037304    0.028777587      91.706227     0.51674897
      2.2900000     -1.3702817      2.4312105    0.055523004      158.63296     0.39988254
      2.3000000     -1.3491208      2.2059696   -0.058723216      152.73432     0.33159751
