      2.0000000     -1.7461014     0.72339222     0.91157488     0.37514023     0.91157488
      2.0200000     -1.7308587     0.76837781     0.90454223     0.45188019     0.90454223
      2.0400000     -1.7152701     0.81876067     0.89694121     0.53870947     0.89694121
      2.0600000     -1.6982799     0.85314037     0.88845792     0.63068799     0.88845792
      2.0800000     -1.6807232     0.90305616     0.87911119     0.77016953     0.87911119
      2.1000000     -1.6619793     0.95183273     0.86866076     0.95574552     0.86866076
      2.1200000     -1.6423312      1.0057960     0.85707013      1.1622935     0.85707013
      2.1400000     -1.6212058      1.0985429     0.84356370      1.5936615     0.84356370
      2.1600000     -1.5978440      1.2409578     0.82581876      2.8337107     0.82581876
      2.1800000     -1.5736300      1.3364978     0.80913737      3.2325168     0.80913737
      2.2000000     -1.5462603      1.4035785     0.78533301      4.4329111     0.78533301
      2.2200000     -1.5181091      1.5782087     0.75685581      7.1694389     0.75685581
      2.2400000     -1.4796297      1.9592944     0.15435260      33.150460     0.69401671
      2.2600000     -1.4441526      2.1528868     0.41377377      49.390587     0.63579027
      2.2800000     -1.4013101      2.3320111    0.011658019      81.654402     0.54375136
      2.3000000     -1.3468978      2.0279716    0.089672054      101.52488     0.34390526
