      2.2650000     -1.4337645      2.2616922     0.53526011      55.927496     0.61527278
      2.2660000     -1.4311334      2.4031075   -0.044285979      70.529059     0.60479730
      2.2670000     -1.4247860      2.4952040   -0.075838734      86.610820     0.57421842
      2.2680000     -1.4221712      2.3050527    -0.25620223      68.452734     0.58252003
      2.2690000     -1.4215723      2.3562712    -0.14736427      67.881067     0.58497438
      2.2700000     -1.4215775      2.2401949     0.17704716      56.329140     0.59138792
      2.2710000     -1.4188916      2.1977691     0.17240358      63.461773     0.57864060
      2.2720000     -1.4119346      2.3996179   -0.079096441      100.44603     0.53447446
      2.2730000     -1.4123052      2.2146931    -0.20584819      56.436748     0.56768364
      2.2740000     -1.4142195      2.3112975     0.25793046      55.944823     0.58108107
      2.2750000     -1.4096488      2.3630992     0.22953549      77.062474     0.55267286
      2.2760000     -1.4054530      2.3571695     0.24676484      85.605576     0.53936609
      2.2770000     -1.4088588      2.1872377   -0.066188816      56.936016     0.57101233
      2.2780000     -1.4009238      2.4092194  -0.0054882400      78.489403     0.53282438
      2.2790000     -1.4044746      2.3821938     0.53500879      65.100724     0.55969132
      2.2800000     -1.3998527      2.2455635     0.20312872      79.201034     0.53289427
      2.2810000     -1.3941733      2.4721368    0.093659616      101.69294     0.50884141
      2.2820000     -1.3930084      2.4380582    0.037888165      105.10896     0.50020137
      2.2830000     -1.3834528      2.3346407   -0.061730892      106.82481     0.45360395
      2.2840000     -1.3853013      2.3922860     0.15348514      114.10431     0.45966906
      2.2850000     -1.3836098      2.2973952   -0.037041687      101.96490     0.46455547
