      2.0000000     -1.7459197     0.71603794     0.91160158     0.37143049     0.91160158
      2.0100000     -1.7391474     0.74398172     0.90847732     0.41317133     0.90847732
      2.0200000     -1.7307312     0.75800621     0.90450027     0.44650963     0.90450027
      2.0300000     -1.7228063     0.78802353     0.90054057     0.49440687     0.90054057
      2.0400000     -1.7156783     0.80757297     0.89711607     0.52726794     0.89711607
      2.0500000     -1.7054525     0.82900025     0.89194008     0.58511564     0.89194008
      2.0600000     -1.6992917     0.85012138     0.88910258     0.60196586     0.88910258
      2.0700000     -1.6901856     0.89344119     0.88406254     0.72084258     0.88406254
      2.0800000     -1.6819492     0.89891783     0.87998636     0.72059439     0.87998636
      2.0900000     -1.6716983     0.92615205     0.87452198     0.81234299     0.87452198
      2.1000000     -1.6624442     0.95809585     0.86889765     0.97395541     0.86889765
      2.1100000     -1.6524260     0.99573264     0.86317529      1.0336852     0.86317529
      2.1200000     -1.6434239      1.0044293     0.85824849      1.1140947     0.85824849
      2.1300000     -1.6314718      1.0634940     0.84989948      1.3503258     0.84989948
      2.1400000     -1.6208054      1.1208250     0.84333132      1.5904708     0.84333132
      2.1500000     -1.6098024      1.1446971     0.83559032      1.8154981     0.83559032
      2.1600000     -1.5971927      1.2017390     0.82688572      2.1195202     0.82688572
      2.1700000     -1.5864033      1.2312523     0.81871199      2.5511563     0.81871199
      2.1800000     -1.5753460      1.2465195     0.81147334      2.4820238     0.81147334
      2.1900000     -1.5610009      1.3175331     0.79901493      3.4580160     0.79904033
      2.2000000     -1.5474369      1.4382647     0.78682546      4.2048232     0.78682602
      2.2100000     -1.5309417      1.4375817     0.77013637      4.8420481     0.77013637
      2.2200000     -1.5183866      1.5368873     0.75950631      5.9157917     0.75950646
      2.2300000     -1.5000102      1.6485400     0.26597779      10.175417     0.73283900
      2.2400000     -1.4843388      1.7485534     0.36073365      12.967026     0.71334403
      2.2500000     -1.4647919      1.8388281     0.25213496      15.090441     0.68790076
      2.2600000     -1.4434729      1.9276159     0.44787582      19.375900     0.65225372
      2.2700000     -1.4276941      1.9362227   -0.096980510      18.052777     0.63956610
      2.2800000     -1.4063325      2.0548572     0.28044024      25.613693     0.59069473
      2.2900000     -1.3923915      1.9980009     0.12475414      24.994626     0.57925316
      2.3000000     -1.3654571      1.9787490    0.031360605      28.182903     0.52455640
