      2.2650000     -1.4307408      2.2343152     0.18899142      46.233679     0.60634127
      2.2660000     -1.4298604      2.1077910     0.33831223      36.663136     0.61554141
      2.2670000     -1.4283231      2.2209023     0.37820201      41.143091     0.60906955
      2.2680000     -1.4293811      2.0973122     0.39849570      31.714884     0.62313231
      2.2690000     -1.4313872      2.0224811     0.55042629      26.829689     0.63810017
      2.2700000     -1.4175711      2.3304250     0.40909862      51.817351     0.57771830
      2.2710000     -1.4232206      2.0617253     0.11925162      37.679475     0.60916537
      2.2720000     -1.4216445      2.0973347     0.59048075      39.548245     0.60497446
      2.2730000     -1.4119001      2.3281553    0.094756598      56.077891     0.56318512
      2.2740000     -1.4177397      2.1815555     0.32039044      41.246568     0.59850538
      2.2750000     -1.4091646      2.2773957     0.23850899      53.029724     0.56496210
      2.2760000     -1.4094935      2.2732129     0.38075635      54.023948     0.56590630
      2.2770000     -1.4074467      2.2218869     0.16932550      48.169470     0.56694172
      2.2780000     -1.4020007      2.2683766     0.19213786      56.867194     0.54181914
      2.2790000     -1.4011375      2.3898841    0.077487131      58.837046     0.54494904
      2.2800000     -1.4063847      2.2102779     0.20454989      42.629357     0.57736011
      2.2810000     -1.3999709      2.1693262    -0.20795087      46.933163     0.55812462
      2.2820000     -1.3944090      2.3735933    -0.12279128      64.430692     0.52806615
      2.2830000     -1.3925258      2.2712624     0.20435981      57.259922     0.53132818
      2.2840000     -1.3901125      2.3029135    0.041666460      62.054205     0.51646648
      2.2850000     -1.3917640      2.3198251     0.21297401      55.036738     0.53742498
