      2.2650000     -1.4389297      2.0718580     0.30692124      24.890017     0.64125371
      2.2660000     -1.4392239      1.9994545     0.38487584      18.690448     0.65235341
      2.2670000     -1.4271753      2.1309616     0.29584846      25.624603     0.61735331
      2.2680000     -1.4236718      2.1671698     0.53191650      25.429542     0.61044713
      2.2690000     -1.4373733      1.8395708     0.67081794      11.142520     0.67081794
      2.2700000     -1.4242930      2.0734218     0.55267399      24.184654     0.61984221
      2.2710000     -1.4394306      1.8828545     0.24649630      13.750434     0.66814737
      2.2720000     -1.4302408      1.9849684     0.63184008      21.688538     0.63848310
      2.2730000     -1.4255652      1.8703472     0.31948749      18.015076     0.63820321
      2.2740000     -1.4157802      1.9970207     0.46413229      22.817521     0.61024821
      2.2750000     -1.4271533      1.8975997     0.36762620      15.899335     0.64541468
      2.2760000     -1.4159633      1.9835569     0.52129950      27.761620     0.59818037
      2.2770000     -1.4266178      1.9061829     0.46455381      14.619885     0.65158309
      2.2780000     -1.4191377      1.9041859     0.50750609      18.537976     0.62873846
      2.2790000     -1.4069976      2.0412901     0.27798933      25.902393     0.59201322
      2.2800000     -1.4100916      2.0460427     0.39067098      21.872303     0.61099445
      2.2810000     -1.4042514      2.1744320     0.16043649      26.957285     0.58729769
      2.2820000     -1.4124435      1.9099069     0.50159853      18.222376     0.62353227
      2.2830000     -1.3983517      2.2026991     0.43124020      28.865055     0.57675843
      2.2840000     -1.3989314      2.1824857     0.26873669      25.232955     0.58565439
      2.2850000     -1.3967391      2.2084607     0.38262021      27.789499     0.57276136
