      2.0000000     -1.7460847     0.73688145     0.91145593     0.39216618     0.91145593
      2.0200000     -1.7300530     0.76753932     0.90399090     0.46740630     0.90399090
      2.0400000     -1.7146678     0.81228861     0.89679442     0.52152501     0.89679442
      2.0600000     -1.6983789     0.85105221     0.88803707     0.68602312     0.88803707
      2.0800000     -1.6814428     0.88736381     0.87985178     0.70705583     0.87985178
      2.1000000     -1.6619920     0.95308610     0.86844601     0.99580901     0.86844601
      2.1200000     -1.6424225      1.0262324     0.85731354      1.1758996     0.85731354
      2.1400000     -1.6213546      1.1189056     0.84320757      1.6629174     0.84320757
      2.1600000     -1.5974897      1.2352181     0.82605392      2.4092191     0.82605392
      2.1800000     -1.5728824      1.2607401     0.80826969      2.7395553     0.80826969
      2.2000000     -1.5458064      1.4093641     0.78534077      4.0708250     0.78534077
      2.2200000     -1.5153564      1.6431995     0.43306121      8.6158907     0.74983072
