      2.0000000     -1.7456602     0.72172316     0.91133447     0.37963230     0.91133447
      2.0200000     -1.7308784     0.78013826     0.90432482     0.47129907     0.90432482
      2.0400000     -1.7149571     0.81347684     0.89680684     0.54447052     0.89680684
      2.0600000     -1.6974177     0.85298077     0.88806198     0.61867838     0.88806198
      2.0800000     -1.6802691     0.90983191     0.87911537     0.74641189     0.87911537
      2.1000000     -1.6619925     0.96665954     0.86856558     0.95650038     0.86856558
      2.1200000     -1.6416392      1.0371052     0.85656656      1.1816658     0.85656656
      2.1400000     -1.6211310      1.1037343     0.84340067      1.5382255     0.84340067
      2.1600000     -1.5985832      1.1746889     0.82795312      2.0508879     0.82795312
      2.1800000     -1.5732761      1.2934030     0.80807407      2.9874743     0.80807407
      2.2000000     -1.5462351      1.4507043     0.78357485      5.4465489     0.78357485
      2.2200000     -1.5161074      1.6118121     0.75277323      8.3827623     0.75277323
      2.2400000     -1.4839812      1.7506369     0.41347128      13.351816     0.71473244
      2.2600000     -1.4482663      1.9804545     0.23036447      27.416893     0.65869294
      2.2800000     -1.3952285      2.3437580    0.081010153      58.151215     0.52870846
      2.3000000     -1.3586671      2.1706113    0.045263811      62.522544     0.45691549
