      2.0000000     -1.7457056     0.72752239     0.91143734     0.38286652     0.91143734
      2.0200000     -1.7308770     0.77609893     0.90450126     0.45876713     0.90450126
      2.0400000     -1.7150256     0.81142519     0.89687336     0.53052006     0.89687336
      2.0600000     -1.6981446     0.85405518     0.88834405     0.64147896     0.88834405
      2.0800000     -1.6808034     0.92491716     0.87916870     0.77448666     0.87916870
      2.1000000     -1.6622455     0.97728790     0.86886734     0.96404409     0.86886734
      2.1200000     -1.6424966      1.0336601     0.85737192      1.1872967     0.85737192
      2.1400000     -1.6208353      1.1114290     0.84333018      1.5699297     0.84333018
      2.1600000     -1.5990025      1.1936299     0.82899191      1.9012936     0.82899191
      2.1800000     -1.5730843      1.2945258     0.80779179      3.0790119     0.80779179
      2.2000000     -1.5462432      1.4832548     0.78306485      6.3113541     0.78306485
      2.2200000     -1.5165646      1.6057755     0.75272515      9.0524193     0.75272515
      2.2400000     -1.4831703      1.8328562     0.70926182      19.633929     0.70926182
      2.2600000     -1.4419219      2.1870913     0.19824082      48.294438     0.63274763
      2.2800000     -1.3975961      2.4010624    0.048252494      103.74804     0.51483309
      2.3000000     -1.3509372      2.1002051     0.14863239      143.35073     0.35638347
