      2.0000000     -1.7461014     0.72339222     0.91157488     0.37514023     0.91157488
      2.0100000     -1.7382791     0.75047628     0.90796240     0.41735179     0.90796240
      2.0200000     -1.7307982     0.75912596     0.90441517     0.45199509     0.90441517
      2.0300000     -1.7232317     0.78573154     0.90097905     0.47805823     0.90097905
      2.0400000     -1.7148157     0.80422958     0.89669370     0.52568217     0.89669370
      2.0500000     -1.7067910     0.83627505     0.89263636     0.61731086     0.89263636
      2.0600000     -1.6984275     0.85840007     0.88858237     0.62697146     0.88858237
      2.0700000     -1.6901956     0.88470783     0.88421412     0.69483626     0.88421412
      2.0800000     -1.6806217     0.91690185     0.87905226     0.77442767     0.87905226
      2.0900000     -1.6717522     0.92641359     0.87434077     0.81383954     0.87434077
      2.1000000     -1.6621924     0.96699631     0.86909132     0.88723292     0.86909132
      2.1100000     -1.6525437      1.0163910     0.86300549      1.1026054     0.86300549
      2.1200000     -1.6417986      1.0355394     0.85640122      1.2425639     0.85640122
      2.1300000     -1.6321650      1.0621448     0.85125174      1.2758729     0.85125174
      2.1400000     -1.6211502      1.1127832     0.84363119      1.5370754     0.84363119
      2.1500000     -1.6099055      1.1508237     0.83554029      2.0497434     0.83554029
      2.1600000     -1.5989598      1.1630887     0.82870888      1.8790135     0.82870888
      2.1700000     -1.5860014      1.2491284     0.81790883      2.8795383     0.81790883
      2.1800000     -1.5740749      1.2614332     0.80956451      2.8179940     0.80956451
      2.1900000     -1.5609527      1.3535398     0.79786386      3.7178709     0.79786386
      2.2000000     -1.5473658      1.4462248     0.78563230      6.2004655     0.78563230
      2.2100000     -1.5312586      1.5270715     0.76763341      7.5576095     0.76763341
      2.2200000     -1.5176727      1.5440804     0.75754764      6.4164599     0.75754764
      2.2300000     -1.5008529      1.6791128     0.73502546      11.330474     0.73502546
      2.2400000     -1.4826515      1.8024025     0.17525504      19.667719     0.70909417
      2.2500000     -1.4639100      2.0861058     0.67415144      34.970399     0.67415715
      2.2600000     -1.4452345      2.0663042     0.64406627      36.782401     0.64412565
      2.2700000     -1.4248015      2.1257659    -0.54092305      41.835625     0.61035817
      2.2800000     -1.4013009      2.3731637    0.018331758      83.331588     0.53931122
      2.2900000     -1.3678405      2.3174085     0.14258015      108.45917     0.40828671
      2.3000000     -1.3546550      2.2522169   -0.036873942      103.14500     0.40169652
