      2.0000000     -1.7585805     0.69853901     0.91768375     0.31267699     0.91768375
      2.0200000     -1.7378115     0.81995019     0.90870100     0.39535132     0.90870100
      2.0400000     -1.7245325     0.82259667     0.90276837     0.43393211     0.90276837
      2.0600000     -1.7036480     0.96767164     0.88926912     0.74242794     0.88926912
      2.0800000     -1.6825575      1.0059270     0.88011963     0.88043911     0.88011963
      2.1000000     -1.6664560     0.97540683     0.87127487     0.90489179     0.87127487
      2.1200000     -1.6365635      1.0861225     0.85349613      1.1749074     0.85349613
      2.1400000     -1.6169275      1.1931565     0.83922787      1.7356649     0.83922787
      2.1600000     -1.6039715      1.2252811     0.83530238      1.4398407     0.83530238
      2.1800000     -1.5604375      1.8081428     0.76489825      16.173614     0.76489825
      2.2000000     -1.5290940      2.3782394     0.32325988      44.913081     0.68335462
      2.2200000     -1.5169430      1.9042301     0.75503150      7.2676617     0.75503150
      2.2400000     -1.4811810      1.7505342     0.71596537      6.8801268     0.71596537
      2.2600000     -1.4396975      2.3011030     0.64285363      17.309229     0.64285363
      2.2800000     -1.3815380      1.8769112     0.40282313      28.352921     0.50612213
      2.3000000     -1.3959610      2.3918190     0.60094988      24.665858     0.60120187
