      2.0000000     -1.7456602     0.72172316     0.91133447     0.37963230     0.91133447
      2.0100000     -1.7385928     0.75316159     0.90799450     0.42961221     0.90799450
      2.0200000     -1.7309978     0.76369986     0.90456375     0.44268016     0.90456375
      2.0300000     -1.7223908     0.78276888     0.90051347     0.48107996     0.90051347
      2.0400000     -1.7142953     0.82395583     0.89640793     0.55638726     0.89640793
      2.0500000     -1.7065684     0.82558575     0.89271169     0.57424797     0.89271169
      2.0600000     -1.6986718     0.85231830     0.88863931     0.61221590     0.88863931
      2.0700000     -1.6896944     0.89717068     0.88388399     0.71840095     0.88388399
      2.0800000     -1.6808483     0.89666905     0.87925176     0.74817292     0.87925176
      2.0900000     -1.6715177     0.95331549     0.87398994     0.86620392     0.87398994
      2.1000000     -1.6614661     0.97099547     0.86834441     0.97210296     0.86834441
      2.1100000     -1.6523288     0.99128700     0.86294306      1.1077316     0.86294306
      2.1200000     -1.6410675      1.0269738     0.85653893      1.1502209     0.85653893
      2.1300000     -1.6312929      1.0728126     0.84981572      1.4034012     0.84981572
      2.1400000     -1.6211734      1.0954924     0.84383760      1.5088186     0.84383760
      2.1500000     -1.6098330      1.1170652     0.83641280      1.6119649     0.83641280
      2.1600000     -1.5969544      1.1951177     0.82677555      2.0043808     0.82677555
      2.1700000     -1.5866463      1.2534889     0.81892917      2.5389724     0.81892917
      2.1800000     -1.5728974      1.2852827     0.80774758      3.1546101     0.80774758
      2.1900000     -1.5596163      1.3633795     0.79625238      3.6620927     0.79625238
      2.2000000     -1.5465107      1.4221216     0.78448354      5.0258735     0.78448354
      2.2100000     -1.5328792      1.4733723     0.77249239      5.2360165     0.77249239
      2.2200000     -1.5141869      1.6146375     0.74921704      8.2414630     0.74921704
      2.2300000     -1.5003797      1.6987380     0.73406656      11.017152     0.73406656
      2.2400000     -1.4830621      1.7708254     0.64035313      14.121565     0.71189181
      2.2500000     -1.4668915      1.8478088     0.69119708      18.121856     0.69126335
      2.2600000     -1.4427049      2.0696882     0.12907884      33.832401     0.64027769
      2.2700000     -1.4248826      2.1737078     0.43893327      35.850300     0.61334639
      2.2800000     -1.4001382      2.2903044     0.22275365      57.337786     0.54353159
      2.2900000     -1.3747125      2.2264918     0.14188225      64.100236     0.47729477
      2.3000000     -1.3591623      2.1704013    0.037804741      65.217137     0.45500254
