      2.2650000     -1.4300381      2.2794676     0.24764165      62.649211     0.60400154
      2.2660000     -1.4266393      2.4148706     0.19672283      84.932137     0.58510167
      2.2670000     -1.4226290      2.4980245     0.53811648      112.31524     0.55771565
      2.2680000     -1.4200286      2.4607891    -0.16332493      125.19291     0.54838279
      2.2690000     -1.4184990      2.5813545     0.12898012      137.19144     0.54730034
      2.2700000     -1.4185646      2.4159991    0.071845587      89.851821     0.56692754
      2.2710000     -1.4150901      2.4963500     0.54291208      106.32496     0.55253205
      2.2720000     -1.4128864      2.4269791   0.0013071732      113.88599     0.54505509
      2.2730000     -1.4170313      2.2329282     0.58436626      57.978184     0.58436627
      2.2740000     -1.4131688      2.5060630     0.54192897      96.162904     0.56337782
      2.2750000     -1.4037940      2.6399910    -0.10301801      158.92526     0.49689406
      2.2760000     -1.4092476      2.3424178     0.55600518      80.931495     0.56071125
      2.2770000     -1.4035397      2.5619628    -0.13286721      150.37190     0.51235686
      2.2780000     -1.3935714      2.5835959   -0.017544528      179.13224     0.44831966
      2.2790000     -1.3995440      2.3126870     0.45471840      88.133461     0.52431032
      2.2800000     -1.3964993      2.5834626     0.11649271      127.52467     0.50350190
      2.2810000     -1.3913613      2.4647142     0.24257754      129.74870     0.48141539
      2.2820000     -1.3869239      2.4546644    0.088742889      148.31394     0.45189519
      2.2830000     -1.3889921      2.4297335     0.33076916      137.63035     0.47330747
      2.2840000     -1.3914417      2.6212301     0.28896328      134.42901     0.49726514
      2.2850000     -1.3837351      2.4236057     0.26942444      125.25649     0.46465295
