      2.0000000     -1.7457056     0.72752239     0.91143734     0.38286652     0.91143734
      2.0250000     -1.7266509     0.77847782     0.90248501     0.46590201     0.90248501
      2.0500000     -1.7067029     0.84070721     0.89264271     0.59047632     0.89264271
      2.0750000     -1.6851563     0.90323263     0.88148005     0.76003898     0.88148005
      2.1000000     -1.6623553     0.96765950     0.86893596     0.93412830     0.86893596
      2.1250000     -1.6373402      1.0314534     0.85430974      1.1814954     0.85430974
      2.1500000     -1.6097798      1.1485709     0.83601471      1.8126668     0.83601471
      2.1750000     -1.5793561      1.2938379     0.81297364      3.1082367     0.81297364
      2.2000000     -1.5460654      1.4438185     0.78369352      5.7129120     0.78369352
      2.2250000     -1.5079620      1.6460650     0.74196184      11.089932     0.74196184
      2.2500000     -1.4634330      2.0597423     0.67315464      32.307047     0.67315464
      2.2750000     -1.4068466      2.4174921     0.36217194      803.91271     0.53948674
      2.3000000     -1.3483208      1.9600638     0.13904657      527.87989     0.33332351
