      2.0000000     -1.7456602     0.72172316     0.91133447     0.37963230     0.91133447
      2.0250000     -1.7269779     0.76750255     0.90263608     0.46351784     0.90263608
      2.0500000     -1.7070561     0.83283993     0.89302303     0.57427417     0.89302303
      2.0750000     -1.6848538     0.89413521     0.88150608     0.73156793     0.88150608
      2.1000000     -1.6620467     0.95768515     0.86855222     0.98125677     0.86855222
      2.1250000     -1.6373849      1.0466974     0.85386072      1.2903113     0.85386072
      2.1500000     -1.6098018      1.1473455     0.83606157      1.7589997     0.83606157
      2.1750000     -1.5801831      1.2803793     0.81435735      2.7804081     0.81435735
      2.2000000     -1.5466029      1.4216272     0.78532584      4.6487117     0.78532584
      2.2250000     -1.5101271      1.5645538     0.75018350      7.0359436     0.75018350
      2.2500000     -1.4642250      1.8681377   -0.093364400      751.63676     0.68256360
      2.2750000     -1.4121813      2.1259793    0.036158132      579.16331     0.58368767
      2.3000000     -1.3606321      2.1246830    0.066333701      395.56687     0.46969629
