      2.0000000     -1.7456706     0.72376993     0.91139889     0.38044747     0.91139889
      2.0250000     -1.7270954     0.77439719     0.90276540     0.45818459     0.90276540
      2.0500000     -1.7068403     0.84110819     0.89280269     0.57295580     0.89280269
      2.0750000     -1.6853692     0.89400761     0.88174016     0.72298401     0.88174016
      2.1000000     -1.6623491     0.98531680     0.86896481     0.97356213     0.86896481
      2.1250000     -1.6374761      1.0562305     0.85387401      1.3041364     0.85387401
      2.1500000     -1.6099965      1.1654316     0.83573610      1.8415122     0.83573610
      2.1750000     -1.5797906      1.2824499     0.81341137      3.2555502     0.81341137
      2.2000000     -1.5467498      1.4596430     0.78581037      4.3952350     0.78581037
      2.2250000     -1.5088588      1.6038419     0.74671977      8.4877901     0.74671977
      2.2500000     -1.4624408      2.0456654     0.57048075      394.55204     0.67252629
      2.2750000     -1.4051778      2.4405277   -0.031828160      865.38386     0.52290496
      2.3000000     -1.3549202      2.1597262    -0.14733362      505.46122     0.40874553
